time,body1,body2,numContacts,cpx_avg,cpy_avg,cpz_avg,cnx_avg,cny_avg,cnz_avg,fx_avg,fy_avg,fz_avg,mx_avg,my_avg,mz_avg
0.01,floor,hammer,9,0.0640894432298,-0.000697778547748,-2.65951198223e-05,0.0,0.0,-0.998581841588,-0.039666280127,-0.00256454914936,9.14804351211,-1.76638389744e-05,-0.00149967598266,-0.000807850625821
0.02,floor,hammer,9,0.0640894432773,-0.000697778465626,-2.72589880335e-05,0.0,0.0,-0.998581841588,-7.82003432637e-05,-0.000145869197088,9.29120939791,-1.16160338086e-05,-0.00204328579682,-2.53973781186e-05
0.03,floor,hammer,9,0.0640894433184,-0.000697778387443,-2.79065298745e-05,0.0,0.0,-0.998581841588,-7.56585746275e-05,-0.000139119759726,9.29118319435,-1.18074961727e-05,-0.00204312450894,-2.42235600055e-05
0.04,floor,hammer,9,0.0640894433598,-0.000697778311713,-2.85331396698e-05,0.0,0.0,-0.998581841588,-7.31992582638e-05,-0.000134655357372,9.29115790893,-1.1978719704e-05,-0.00204305247402,-2.3448527828e-05
0.05,floor,hammer,9,0.0640894434014,-0.00069777823836,-2.91394940348e-05,0.0,0.0,-0.998581841588,-7.08203626346e-05,-0.000130335604433,9.29113343942,-1.2132838445e-05,-0.00204305551143,-2.26984633428e-05
0.06,floor,hammer,9,0.0640894434432,-0.00069777816731,-2.97262477391e-05,0.0,0.0,-0.998581841588,-6.85192298011e-05,-0.000126154148915,9.29110975947,-1.22716612017e-05,-0.00204312007749,-2.19722756373e-05
0.07,floor,hammer,9,0.0640894434849,-0.000697778098494,-3.02940343857e-05,0.0,0.0,-0.998581841588,-6.62932905723e-05,-0.000122106591398,9.29108684363,-1.2396809237e-05,-0.00204323438055,-2.12692137101e-05
0.08,floor,hammer,10,0.0847160993695,0.00143000048869,-2.77747061901e-05,0.0,0.0,-0.998757234216,-4.35098636826e-05,9.1423509499e-06,9.2908283693,-0.000105008260982,-0.00153278823046,1.56620822121e-06
0.09,floor,hammer,10,0.0847160993927,0.00143000043917,-2.82553753349e-05,0.0,0.0,-0.998757234216,-4.5059322285e-05,9.76911704472e-05,9.29084239536,-0.000104995753943,-0.00153301734963,1.7002465656e-05
0.1,floor,hammer,10,0.0847160994157,0.00143000039128,-2.87205370484e-05,0.0,0.0,-0.998757234216,-4.36017210205e-05,9.45484455563e-05,9.2908281348,-0.000104942808461,-0.00153310187253,1.64559700727e-05
0.11,floor,hammer,10,0.0847160994385,0.001430000345,-2.91706903919e-05,0.0,0.0,-0.998757234216,-4.21908542739e-05,9.14898185084e-05,9.29081432843,-0.000104887470857,-0.00153319454227,1.5924061559e-05
0.12,floor,hammer,10,0.0847160994611,0.00143000030027,-2.96063196081e-05,0.0,0.0,-0.998757234216,-4.08257818379e-05,8.85301701148e-05,9.29080096713,-0.000104829917207,-0.00153329284212,1.54093381293e-05
0.13,floor,hammer,10,0.0847160994834,0.00143000025704,-3.00278933158e-05,0.0,0.0,-0.998757234216,-3.95050087996e-05,8.56663020364e-05,9.29078803657,-0.000104770320683,-0.00153339460071,1.49112462129e-05
0.14,floor,hammer,10,0.0847160995055,0.00143000021526,-3.04358650138e-05,0.0,0.0,-0.998757234216,-3.82270894454e-05,8.28951154837e-05,9.29077552287,-0.000104708856786,-0.00153349797811,1.44292493582e-05
0.15,floor,hammer,10,0.0847160995273,0.00143000017487,-3.08306735687e-05,0.0,0.0,-0.998757234216,-3.69906257258e-05,8.02136115552e-05,9.2907634126,-0.00010464570142,-0.00153360142592,1.39628283051e-05
0.16,floor,hammer,10,0.0847160995487,0.00143000013582,-3.12127436871e-05,0.0,0.0,-0.998757234216,-3.5794265657e-05,7.76188880907e-05,9.29075169277,-0.000104581029263,-0.00153370365166,1.351148045e-05
0.17,floor,hammer,10,0.0847160995698,0.00143000009808,-3.15824863724e-05,0.0,0.0,-0.998757234216,-3.46367017762e-05,7.51081365724e-05,9.2907403508,-0.000104515012416,-0.00153380358703,1.30747193175e-05
0.18,floor,hammer,10,0.0847160995907,0.0014300000616,-3.1940420472e-05,0.0,0.0,-0.997992393374,-3.35150079206e-05,7.2716719491e-05,9.2907294176,-0.00010670934166,-0.00108467386433,1.26551887663e-05
0.19,floor,hammer,10,0.0847160996113,0.00143000002633,-3.22869834233e-05,0.0,0.0,-0.997992393374,-3.24288094822e-05,7.03294288803e-05,9.29071877521,-0.000106640762392,-0.00108476907811,1.22399720124e-05
0.2,floor,hammer,10,0.0847160996315,0.00142999999223,-3.26223688936e-05,0.0,0.0,-0.997992393374,-3.13802396866e-05,6.8054614805e-05,9.29070849519,-0.00010657135249,-0.00108485985979,1.18443125703e-05
0.21,floor,hammer,10,0.0847160996514,0.00142999995926,-3.29469373838e-05,0.0,0.0,-0.997992393374,-3.0365655042e-05,6.58534233272e-05,9.29069854661,-0.000106501251482,-0.00108494572962,1.14614428883e-05
0.22,floor,hammer,10,0.0847160996709,0.00142999992739,-3.32610377674e-05,0.0,0.0,-0.997992393374,-2.93839489034e-05,6.37234639208e-05,9.29068891879,-0.000106430605262,-0.00108502637768,1.10909486547e-05
0.23,floor,hammer,10,0.08471609969,0.00142999989658,-3.35650076655e-05,0.0,0.0,-0.997992393374,-2.84340511876e-05,6.16624305081e-05,9.29067960139,-0.00010635955307,-0.00108510158948,1.07324301392e-05
0.24,floor,hammer,10,0.0847160997087,0.00142999986678,-3.38591738103e-05,0.0,0.0,-0.997992393374,-2.75149269193e-05,5.96680916162e-05,9.29067058442,-0.000106288227283,-0.0010851712322,1.03855004864e-05
0.25,floor,hammer,10,0.0847160997271,0.00142999983797,-3.41438523962e-05,0.0,0.0,-0.997992393374,-2.66255750658e-05,5.77382879598e-05,9.29066185819,-0.000106216753273,-0.00108523524259,1.00497853015e-05
0.26,floor,hammer,10,0.0847160997451,0.00142999981012,-3.44193494194e-05,0.0,0.0,-0.997992393374,-2.57650274023e-05,5.58709301302e-05,9.29065341332,-0.000106145249355,-0.00108529361629,9.72492225492e-06
0.27,floor,hammer,10,0.0847160997626,0.00142999978319,-3.4685961007e-05,0.0,0.0,-0.997992393374,-2.49323474275e-05,5.40639963373e-05,9.29064524076,-0.000106073826792,-0.00108534639845,9.41056069595e-06
0.28,floor,hammer,10,0.0847160997798,0.00142999975714,-3.49439737352e-05,0.0,0.0,-0.997992393374,-2.41266293058e-05,5.2315530252e-05,9.29063733172,-0.000106002589851,-0.00108539367549,9.10636128243e-06
0.29,floor,hammer,10,0.0847160997966,0.00142999973196,-3.51936649378e-05,0.0,0.0,-0.997992393374,-2.33469968551e-05,5.06236388622e-05,9.2906296777,-0.000105931635909,-0.00108543556785,8.81199561366e-06
0.3,floor,hammer,10,0.0847160998131,0.00142999970761,-3.54353030034e-05,0.0,0.0,-0.997992393374,-2.2592602556e-05,4.89864904625e-05,9.2906222705,-0.00010586105559,-0.00108547222368,8.52714588521e-06
0.31,floor,hammer,10,0.0847160998291,0.00142999968406,-3.56691476648e-05,0.0,0.0,-0.997992393374,-2.18626266116e-05,4.74023126553e-05,9.29061510214,-0.000105790932931,-0.0010855038133,8.25150454609e-06
0.32,floor,hammer,10,0.0847160998448,0.00142999966128,-3.58954502777e-05,0.0,0.0,-0.997992393374,-2.11562760229e-05,4.58693904459e-05,9.29060816494,-0.00010572134558,-0.00108553052443,7.98477397172e-06
0.33,floor,hammer,10,0.08471609986,0.00142999963926,-3.6114454091e-05,0.0,0.0,-0.997992393374,-2.04727837058e-05,4.43860643828e-05,9.29060145145,-0.000105652365004,-0.00108555255801,7.72666614433e-06
0.34,floor,hammer,11,0.101727273384,0.00317090782879,-3.30280702535e-05,0.0,0.0,-0.997856188904,-1.4809181157e-05,2.15387980896e-05,9.29054115047,-5.55288482899e-05,-0.00098774055509,3.73534218641e-06
0.35,floor,hammer,11,0.101727273393,0.00317090779773,-3.32145435412e-05,0.0,0.0,-0.997856188904,-1.67398090514e-05,7.06349019991e-05,9.29055987182,-5.53339716872e-05,-0.000987763683878,1.2271320184e-05
0.36,floor,hammer,11,0.101727273402,0.00317090776771,-3.33950017036e-05,0.0,0.0,-0.997856188904,-1.61996779985e-05,6.83658170238e-05,9.29055472176,-5.51128397905e-05,-0.000987747623073,1.18769272195e-05
0.37,floor,hammer,11,0.101727273411,0.00317090773871,-3.35696382361e-05,0.0,0.0,-0.997856188904,-1.5676730201e-05,6.61641546444e-05,9.29054973496,-5.48936797641e-05,-0.000987729327694,1.14942646926e-05
0.38,floor,hammer,11,0.101727273419,0.00317090771069,-3.37386409456e-05,0.0,0.0,-0.997856188904,-1.51706863639e-05,6.40334617798e-05,9.29054490884,-5.46766890843e-05,-0.000987708958309,1.11239482315e-05
0.39,floor,hammer,11,0.101727273428,0.00317090768361,-3.39021915803e-05,0.0,0.0,-0.997856188904,-1.46809987357e-05,6.19714482078e-05,9.29054023824,-5.44620457371e-05,-0.000987686669266,1.07655787195e-05
0.4,floor,hammer,11,0.101727273436,0.00317090765746,-3.40604660251e-05,0.0,0.0,-0.997856188904,-1.42071373682e-05,5.9975897076e-05,9.29053571814,-5.42499120215e-05,-0.000987662612015,1.04187698715e-05
0.41,floor,hammer,11,0.101727273443,0.00317090763219,-3.42136344912e-05,0.0,0.0,-0.997856188904,-1.37485895582e-05,5.80446631867e-05,9.2905313437,-5.40404351483e-05,-0.000987636934351,1.0083147929e-05
0.42,floor,hammer,11,0.101727273451,0.00317090760779,-3.43618616985e-05,0.0,0.0,-0.997856188904,-1.33048592844e-05,5.61756706973e-05,9.29052711023,-5.38337478653e-05,-0.000987609779808,9.7583512568e-06
0.43,floor,hammer,11,0.101727273458,0.00317090758421,-3.45053070531e-05,0.0,0.0,-0.997856188904,-1.28754666615e-05,5.4366910863e-05,9.29052301318,-5.36299690981e-05,-0.000987581287181,9.4440299451e-06
0.44,floor,hammer,11,0.101727273465,0.00317090756143,-3.46441248185e-05,0.0,0.0,-0.997856188904,-1.245994741e-05,5.26164398839e-05,9.29051904816,-5.34292046006e-05,-0.000987551590152,9.1398454313e-06
0.45,floor,hammer,11,0.101727273472,0.00317090753943,-3.47784642818e-05,0.0,0.0,-0.997856188904,-1.20578523443e-05,5.09223767874e-05,9.29051521093,-5.32315476091e-05,-0.000987520817012,8.84547012784e-06
0.46,floor,hammer,11,0.101727273479,0.00317090751818,-3.49084699142e-05,0.0,0.0,-0.997856188904,-1.16687468806e-05,4.92829014161e-05,9.29051149735,-5.30370794941e-05,-0.00098748909047,8.56058706852e-06
0.47,floor,hammer,11,0.101727273485,0.00317090749765,-3.50342815259e-05,0.0,0.0,-0.997856188904,-1.12922105561e-05,4.76962524408e-05,9.29050790345,-5.28458704066e-05,-0.000987456527531,8.28488955984e-06
0.48,floor,hammer,11,0.101727273491,0.00317090747782,-3.5156034417e-05,0.0,0.0,-0.997856188904,-1.09278365703e-05,4.61607254705e-05,9.29050442537,-5.26579799143e-05,-0.000987423239425,8.01808084879e-06
0.48,floor,RobotiQ 3-Finger Adaptive Gripper[reflex:distal_pad_1],3,0.0220425823176,0.0650182741403,-1.01796304763e-05,0.0,0.0,-0.998619149129,0.0,0.0,7.5623177552,0.0,0.0,0.0
0.48,floor,RobotiQ 3-Finger Adaptive Gripper[reflex:distal_pad_2],3,0.0740418812541,0.0643090482934,-1.4650746804e-05,0.0,0.0,-0.998619149129,1.13597178651,10.8372386401,0.0,4.66178095757e-05,-3.5303590969e-07,-0.0506183687799
0.48,floor,RobotiQ 3-Finger Adaptive Gripper[reflex:distal_pad_3],1,0.0432827181638,-0.0541287609233,-1.18992876573e-05,0.0,0.0,-0.999391414225,-0.166231326665,-0.166332554291,9.17906988771,0.0,0.0,0.0
0.49,floor,hammer,11,0.101727273498,0.00317090745867,-3.5273859523e-05,0.0,0.0,-0.997856188904,-1.05752313346e-05,4.46746712055e-05,9.29050105939,-5.24734576249e-05,-0.000987389331599,7.75987379936e-06
0.49,floor,RobotiQ 3-Finger Adaptive Gripper[reflex:distal_pad_1],2,0.0173763880205,0.0624678102757,-5.95895741682e-06,0.0,0.0,-0.998247072101,1.65751306198,2.68348181855,0.0,1.47352889101e-05,-9.1015834994e-06,-0.000261692910784
0.49,floor,RobotiQ 3-Finger Adaptive Gripper[reflex:distal_pad_2],1,0.0693783715092,0.0618989555887,-4.9499211015e-06,0.0,0.0,-0.996494144201,0.556819144095,0.558778139676,5.19097458871,0.0,0.0,0.0
0.49,floor,RobotiQ 3-Finger Adaptive Gripper[reflex:distal_pad_3],1,0.0432858441403,-0.05129637305,-2.54805439591e-06,0.0,0.0,-0.999391414225,-1.16788261989,-1.16859380946,1.47662939298,0.0,0.0,0.0
0.5,floor,hammer,11,0.101727273503,0.00317090744018,-3.5387883555e-05,0.0,0.0,-0.997856188904,-1.0234014044e-05,4.32364936506e-05,9.29049780189,-5.22923437952e-05,-0.000987354903754,7.50999057833e-06
0.5,floor,RobotiQ 3-Finger Adaptive Gripper[reflex:distal_pad_2],1,0.0693772721063,0.0585001283547,-4.29668066094e-06,0.0,0.0,-0.996494144201,1.33689427386,1.34159772201,3.62869008845,0.0,-5.03581910678e-17,1.86184085095e-17
0.5,floor,RobotiQ 3-Finger Adaptive Gripper[reflex:distal_pad_3],1,0.0432902718728,-0.0477968409662,-4.78932467428e-07,0.0,0.0,-0.999391414225,-1.81761184733,-1.81871869366,0.332428374196,-2.30668521919e-18,0.0,-1.26122157671e-17
0.51,floor,hammer,11,0.101727273509,0.00317090742232,-3.54982291366e-05,0.0,0.0,-0.997856188904,-9.90381625618e-06,4.18446483978e-05,9.29049464937,-5.21146699221e-05,-0.000987320049899,7.26816235465e-06
0.51,floor,RobotiQ 3-Finger Adaptive Gripper[reflex:distal_pad_1],1,0.0173760110979,0.0566182457883,-3.82989393977e-06,0.0,0.0,-0.996494144201,1.62313286064,5.78305780955,0.0,0.0,0.0,0.0
0.51,floor,RobotiQ 3-Finger Adaptive Gripper[reflex:distal_pad_2],1,0.06937473589,0.0549334460708,-3.00165406406e-06,0.0,0.0,-0.996494144201,0.0,0.0,0.0,0.0,0.0,0.0
0.51,floor,RobotiQ 3-Finger Adaptive Gripper[reflex:distal_pad_3],1,0.0572855733492,-0.0448847143286,-1.21893011325e-06,0.0,0.0,-0.996494144201,0.0,0.0,8.69500568759,0.0,0.0,0.0
0.52,floor,hammer,11,0.101727273514,0.00317090740507,-3.56050149355e-05,0.0,0.0,-0.997856188904,-9.58428148882e-06,4.04976409425e-05,9.29049159846,-5.19404593149e-05,-0.000987284858461,7.03412900403e-06
0.52,floor,RobotiQ 3-Finger Adaptive Gripper[reflex:distal_pad_1],1,0.0173757574219,0.0539421545448,-1.26468924486e-06,0.0,0.0,-0.996494144201,1.04882838482,4.71903478464,7.49901405215,0.0,0.0,0.0
0.53,floor,hammer,11,0.10172727352,0.00317090738841,-3.57083557913e-05,0.0,0.0,-0.997856188904,-9.27506482958e-06,3.91940250897e-05,9.29048864587,-5.17697276489e-05,-0.000987249412406,6.80763882971e-06
0.53,floor,RobotiQ 3-Finger Adaptive Gripper[reflex:distal_pad_1],1,0.0173757456136,0.0510909344311,-3.8709340556e-06,0.0,0.0,-0.996494144201,1.08790979175,2.62112161811,5.45929657561,3.78814797281e-17,0.0,-7.54889062195e-18
0.54,floor,hammer,11,0.101727273525,0.00317090737233,-3.58083628387e-05,0.0,0.0,-0.997856188904,-8.9758325577e-06,3.79324013671e-05,9.29048578845,-5.1602483497e-05,-0.000987213789374,6.58844828427e-06
0.54,floor,RobotiQ 3-Finger Adaptive Gripper[reflex:distal_pad_1],1,0.0173740759606,0.0471451427496,-3.74137176328e-06,0.0,0.0,-0.996494144201,0.0,0.0,0.0,0.0,0.0,0.0
0.55,floor,hammer,11,0.10172727353,0.00317090735679,-3.59051436271e-05,0.0,0.0,-0.997856188904,-8.68626177917e-06,3.67114155248e-05,9.29048302312,-5.14387288408e-05,-0.000987178061848,6.37632170678e-06
0.56,floor,hammer,11,0.101727273534,0.0031709073418,-3.59988022366e-05,0.0,0.0,-0.997856188904,-8.4060400724e-06,3.55297570596e-05,9.29048034693,-5.12784595596e-05,-0.000987142297318,6.17103106476e-06
0.57,floor,hammer,11,0.101727273539,0.00317090732732,-3.60894393894e-05,0.0,0.0,-0.997856188904,-8.13486514856e-06,3.43861578238e-05,9.29047775698,-5.11216658982e-05,-0.000987106558467,5.97235571017e-06
0.58,floor,hammer,11,0.101727496871,0.00318676217969,-3.62130454271e-05,0.0,0.0,-0.997856188904,-0.986875802007,-3.17858250108,5.7019751162,-4.18099102294e-05,-0.000105797744678,0.254257823996
0.58,hammer,RobotiQ 3-Finger Adaptive Gripper[reflex:distal_pad_3],20,0.0499562325992,-0.0142150418055,0.0116096934523,0.00298145746828,-0.991999502522,-0.0972699805183,-1.09781078147,-10.8243101397,-3.7274817747,0.000568446113056,-0.000126855780859,-6.53568721433e-05
0.59,floor,hammer,10,0.111332807043,0.00419995659524,-3.51792206776e-05,0.0,0.0,-0.997641807795,-1.27057715126,-2.99190169629,4.54291781098,-5.69346146656e-05,-5.72142103585e-05,0.0355679058731
0.59,hammer,RobotiQ 3-Finger Adaptive Gripper[reflex:distal_pad_3],20,0.049994603935,-0.0136389615742,0.011778212995,0.00157908059869,-0.993756960686,-0.0778305223154,-1.40666132007,-7.33931993042,-5.12630282914,0.000195080814659,-0.00211296286478,-0.0006018174405
0.6,floor,hammer,4,0.270370069711,0.0113064208787,-5.88019463161e-05,0.0,0.0,-0.997052259743,-2.73255030479,-2.74011128338,4.47336208567,1.84758264098e-06,-8.61951465091e-07,-8.30729119664e-05
0.6,hammer,RobotiQ 3-Finger Adaptive Gripper[reflex:distal_pad_3],20,0.0494377848392,-0.0124604530011,0.0117195785643,0.0406114643364,-0.990231633328,-0.098028653942,-2.50700639566,-6.83185076941,-5.0903264639,-0.000212612015515,0.00136146929278,0.000328792545833
0.61,floor,hammer,4,0.270355852681,0.0118928724328,-5.11375738986e-05,0.0,0.0,-0.998964361846,-1.09176126167,-1.09186636242,2.88497410483,-1.19650836481e-06,7.24411332222e-08,5.41713073915e-05
0.61,hammer,RobotiQ 3-Finger Adaptive Gripper[reflex:distal_pad_1],7,0.0228099785706,0.0175053990465,0.0108588323072,0.0616757224792,0.985417723027,-0.135751846817,6.55191993319,16.8081022679,-12.2508856676,0.000442142375771,0.00671581857476,-0.00121160858769
0.61,hammer,RobotiQ 3-Finger Adaptive Gripper[reflex:distal_pad_2],6,0.0748904309374,0.0149753189175,0.0119885577895,0.0471526565072,0.98298324166,-0.167170787212,5.32685849773,11.8122803599,3.79639806388,-0.000144265799149,-0.00102250609956,0.000886181355309
0.61,hammer,RobotiQ 3-Finger Adaptive Gripper[reflex:distal_pad_3],9,0.0491879753977,-0.0114802857397,0.0116539260098,0.0524185169127,-0.989276244817,-0.107935595502,-13.5723891196,-27.5139968884,1.63336307643,0.000214563392995,-0.0114492541451,-0.000785366233393
0.62,floor,hammer,4,0.270366415255,0.0118953201826,-4.96943605904e-05,0.0,0.0,-0.998964361846,0.0200409705431,1.58904756811,7.50720078218,2.15356103191e-20,-2.71605797519e-22,0.0
0.62,hammer,RobotiQ 3-Finger Adaptive Gripper[reflex:distal_pad_1],6,0.022624701639,0.0177309302663,0.0111516813275,0.067985204365,0.986443375931,-0.125192887092,6.55040886874,13.0947323377,-10.5615939448,0.000276021675903,0.00278451282497,-0.000467083692711
0.62,hammer,RobotiQ 3-Finger Adaptive Gripper[reflex:distal_pad_2],6,0.0746243507385,0.0150753303421,0.0116808697324,0.0590743208559,0.979562385674,-0.178664050813,5.96001260857,15.9163351864,5.00289833627,8.30440470288e-05,0.00115236621804,-3.79743418719e-05
0.62,hammer,RobotiQ 3-Finger Adaptive Gripper[reflex:distal_pad_3],9,0.0495329549287,-0.0113328358163,0.0117675651417,0.0207121844506,-0.991443699556,-0.100523744437,-12.3426946275,-26.069967539,3.88375166667,0.000479906635276,-0.0154330165265,-0.000199924135809
0.63,floor,hammer,1,0.270213195385,-0.0196065693503,-7.76298974381e-05,0.0,0.0,-0.995521679521,-1.30138635582,1.30724059816,9.55165722785,0.0,0.0,0.0
0.63,hammer,RobotiQ 3-Finger Adaptive Gripper[reflex:distal_pad_1],7,0.0223594648338,0.0177136018573,0.0109665759024,0.0833965519029,0.984117072556,-0.129336956363,-2.49423729566,16.7283391135,-13.3344565772,0.00014944887851,0.000364245345581,-7.45476762548e-05
0.63,hammer,RobotiQ 3-Finger Adaptive Gripper[reflex:distal_pad_2],5,0.0741051378537,0.0151207294478,0.0117850301121,0.0858594071397,0.976942662399,-0.178149215108,-1.97754648235,18.4616264944,0.15948051837,5.93941438282e-07,-0.00232194023767,-0.000187375889792
0.63,hammer,RobotiQ 3-Finger Adaptive Gripper[reflex:distal_pad_3],9,0.0493514075679,-0.0113450482233,0.0116729271877,0.0512160414606,-0.98989063447,-0.100166683126,3.23333017374,-32.8263243045,13.2976525809,-0.00024731755116,-0.00240540534213,-0.000692936918135
0.64,floor,hammer,1,0.270221205971,-0.0196441358743,-8.8800051279e-05,0.0,0.0,-0.995521679521,-0.979276695531,0.983681938502,10.1261385497,0.0,0.0,0.0
0.64,hammer,RobotiQ 3-Finger Adaptive Gripper[reflex:distal_pad_1],7,0.0224004511734,0.0174984178964,0.0108028035561,0.0790291282231,0.97965281502,-0.149027171494,-2.6709024718,18.132923291,-16.5890023109,-0.000556263241308,-0.00353165508419,0.000345360306948
0.64,hammer,RobotiQ 3-Finger Adaptive Gripper[reflex:distal_pad_2],6,0.0748576007892,0.014924316446,0.0120158245082,0.0411855497791,0.985503838903,-0.155725397688,-3.38518551249,21.6092290264,2.52033515295,-0.000181321134638,-0.00578512472173,0.000846966038022
0.64,hammer,RobotiQ 3-Finger Adaptive Gripper[reflex:distal_pad_3],9,0.0495393552706,-0.0115327982482,0.0117264408277,0.0379976113012,-0.990234535475,-0.0980329102443,5.10298766722,-38.2201900658,14.7505772233,0.000616754133347,-0.00704523004142,-0.00113981521394
0.65,floor,hammer,1,0.27023460709,-0.0197768393665,-9.97200677207e-05,0.0,0.0,-0.995521679521,-0.70755424072,0.710737149452,12.2668535567,0.0,0.0,0.0
0.65,hammer,RobotiQ 3-Finger Adaptive Gripper[reflex:distal_pad_1],7,0.0225764575964,0.0170970976713,0.0107990102363,0.0837210112223,0.979244761141,-0.155204445968,-3.69953572643,20.4924486337,-18.9154594142,-0.000579640101111,-0.00409966814151,0.000434674693535
0.65,hammer,RobotiQ 3-Finger Adaptive Gripper[reflex:distal_pad_2],6,0.0745097583886,0.0145724749737,0.0121443675821,0.0476882933125,0.983527258728,-0.157162309131,-2.54615563995,25.9629954198,4.37449836654,0.000368596964175,-0.0019209656676,0.000210967235668
0.65,hammer,RobotiQ 3-Finger Adaptive Gripper[reflex:distal_pad_3],9,0.0500117935548,-0.0118700741542,0.0115862580837,0.0084284416796,-0.990345989414,-0.109985186957,5.5653901637,-44.9362553377,18.143038919,1.51944271644e-05,0.00484625096035,-0.00107211798671
0.66,floor,hammer,1,0.270253254081,-0.0200364984737,-0.000110381247681,0.0,0.0,-0.995521679521,-0.557120063578,0.559626249271,13.2365623288,-7.5843499405e-21,-7.55038479084e-21,0.0
0.66,hammer,RobotiQ 3-Finger Adaptive Gripper[reflex:distal_pad_1],7,0.0227705615097,0.0164212292312,0.0108838341936,0.0623525705472,0.980195352389,-0.162990224999,-3.66684658933,21.928463493,-21.3178514204,-0.00117533384358,-0.00105721219994,0.00129647735856
0.66,hammer,RobotiQ 3-Finger Adaptive Gripper[reflex:distal_pad_2],6,0.0745778815579,0.0139330304689,0.012233657117,0.0708362919223,0.977242035466,-0.185711248467,-3.20038080053,29.5828212267,7.49692532392,-0.000325194326458,-0.00332422351267,0.000887167932827
0.66,hammer,RobotiQ 3-Finger Adaptive Gripper[reflex:distal_pad_3],9,0.0497146186014,-0.0125297344017,0.0116986614159,0.0249239438683,-0.989922052376,-0.0970212166316,6.34055664655,-50.7780056648,18.7478956124,0.000520226989978,0.00169950447769,-0.000779493070401
0.67,floor,hammer,1,0.270276021743,-0.0204325349057,-0.000119903531218,0.0,0.0,-0.995521679521,0.0,0.0,14.4304199877,0.0,0.0,0.0
0.67,hammer,RobotiQ 3-Finger Adaptive Gripper[reflex:distal_pad_1],6,0.0225935907625,0.015517780479,0.0109122864429,0.0766283914823,0.980538981069,-0.165365700178,-5.08410440591,24.7355344602,-20.4173230773,-0.000325730839009,-0.00444657190213,0.000854999778515
0.67,hammer,RobotiQ 3-Finger Adaptive Gripper[reflex:distal_pad_2],6,0.0750584449417,0.0130201994143,0.0123614599347,0.0462473643308,0.976896209664,-0.19806434326,-4.64131163913,31.9596267444,7.23873965224,0.000180634272325,-0.00270960568324,0.000859500613514
0.67,hammer,RobotiQ 3-Finger Adaptive Gripper[reflex:distal_pad_3],9,0.0497723606983,-0.0133804723054,0.0116730876327,0.0282518322031,-0.988579698428,-0.117040647558,9.67534416198,-57.0776204179,20.0785728259,0.000772170531184,-0.00372163677831,-0.00193148710219
0.68,floor,hammer,1,0.270300430457,-0.020919116505,-0.000128759732241,0.0,0.0,-0.995521679521,0.0,0.0,0.0,0.0,0.0,0.0
0.68,floor,RobotiQ 3-Finger Adaptive Gripper[reflex:distal_3],1,0.0435433568405,-0.0249210657844,-1.66989983644e-05,0.0,0.0,-0.995857447386,0.989296625898,18.2547837215,31.9680050499,0.0,0.0,0.0
0.68,hammer,RobotiQ 3-Finger Adaptive Gripper[reflex:distal_pad_1],6,0.0231434963516,0.0144507505433,0.01099094687,0.0358148105483,0.972718546966,-0.212034727645,-4.40945942054,32.7564559237,5.64832762952,0.000657350375195,-0.000648767311167,0.000339679997138
0.68,hammer,RobotiQ 3-Finger Adaptive Gripper[reflex:distal_pad_2],5,0.0749642711218,0.0119815096948,0.0122431659245,0.0346856634072,0.979322038434,-0.18247140969,-5.46055843479,29.1356488898,1.85534665181,0.0,0.0,0.0
0.68,hammer,RobotiQ 3-Finger Adaptive Gripper[reflex:distal_pad_3],10,0.0494119731032,-0.014347449531,0.0115191896346,0.0317493207305,-0.986685096347,-0.130824874152,9.63244169788,-71.4407140922,-21.5246452892,0.000626993910761,0.00281978812472,0.000369635099357
0.69,floor,hammer,2,0.270281772383,-0.0329281056388,-1.16470078285e-05,0.0,0.0,-0.996175795794,0.0,0.0,10.2061734301,0.0,0.0,0.0
0.69,floor,RobotiQ 3-Finger Adaptive Gripper[reflex:distal_3],1,0.0435424302609,-0.0256466577205,-3.66851988159e-06,0.0,0.0,-0.995857447386,0.76297453558,2.3161672512,0.0,0.0,0.0,0.0
0.69,hammer,RobotiQ 3-Finger Adaptive Gripper[reflex:distal_pad_1],5,0.022581548658,0.0137735447481,0.011369448142,0.0557626389285,0.978167734687,-0.184942707542,-4.18039077961,23.7234248454,-16.2487075321,0.000115874044352,0.00256854078195,2.78425108287e-05
0.69,hammer,RobotiQ 3-Finger Adaptive Gripper[reflex:distal_pad_2],6,0.0751336401706,0.0111984661701,0.0124395494636,0.0421476633619,0.970062244558,-0.223644032781,-5.03885131445,29.9330120997,7.86116364333,0.000326057167829,0.00215888992126,-0.000190751699997
0.69,hammer,RobotiQ 3-Finger Adaptive Gripper[reflex:distal_pad_3],11,0.049492949765,-0.015072126847,0.0116409880698,0.0371986681498,-0.987462153711,-0.117048650652,9.16361631265,-57.7313417215,12.0691587118,0.00220422352713,-0.0240309166591,-0.00352314071089
0.7,floor,hammer,2,0.270265916046,-0.0450344934544,-1.32577631943e-05,0.0,0.0,-0.997928723693,0.0,0.0,7.50937656716,2.47660080725e-06,-1.0932186957e-08,0.0
0.7,floor,RobotiQ 3-Finger Adaptive Gripper[reflex:distal_3],1,0.0435423293811,-0.0260992785573,-5.52729298394e-06,0.0,0.0,-0.995857447386,0.739506503246,5.54279809856,0.0,0.0,0.0,0.0
0.7,hammer,RobotiQ 3-Finger Adaptive Gripper[reflex:distal_pad_1],5,0.0219315294622,0.0133613918311,0.011605029232,0.0745689834531,0.98470268501,-0.129248957335,2.50413918304,24.8724234418,-14.1622477804,0.000480349770651,-0.00160076412998,0.00108983416707
0.7,hammer,RobotiQ 3-Finger Adaptive Gripper[reflex:distal_pad_2],5,0.0745628315501,0.0107230924552,0.0124938524985,0.0672592515139,0.964286179839,-0.238287918252,2.32926111588,30.4927481262,7.74051358156,-0.000828405976454,-0.00872654994417,0.00138010890911
0.7,hammer,RobotiQ 3-Finger Adaptive Gripper[reflex:distal_pad_3],11,0.0495766368953,-0.015524253766,0.0117128159661,0.0462056803105,-0.987269925304,-0.117911946071,-4.88992057373,-58.7433346633,7.58131521294,0.00208319303345,-0.03461850208,-0.00301430858909
0.71,floor,hammer,2,0.270272519736,-0.0452432331873,-1.19585445632e-05,0.0,0.0,-0.997928723693,0.0,0.0,8.90552262359,3.01529021632e-06,-1.3820413231e-08,0.0
0.71,floor,RobotiQ 3-Finger Adaptive Gripper[reflex:distal_3],1,0.0435423071326,-0.0263478183379,-2.17986844528e-06,0.0,0.0,-0.995857447386,0.718390957031,6.46437080238,0.0,0.0,0.0,0.0
0.71,hammer,RobotiQ 3-Finger Adaptive Gripper[reflex:distal_pad_1],5,0.0227246261776,0.0129799419045,0.0115255697969,0.0503776485927,0.971782954268,-0.205783364489,3.34676537339,25.5951052281,-12.865810916,0.000108755638788,0.00193801052422,0.000328915884309
0.71,hammer,RobotiQ 3-Finger Adaptive Gripper[reflex:distal_pad_2],5,0.0750086911625,0.0104512009714,0.01285982022,0.0550440680635,0.970323138315,-0.225560489908,2.59601895961,30.6432370867,6.9663244774,-0.00040552866763,-0.00683930951628,0.00177431837467
0.71,hammer,RobotiQ 3-Finger Adaptive Gripper[reflex:distal_pad_3],11,0.0493859956352,-0.015812511939,0.0117597610162,0.0441173891109,-0.986422539322,-0.122714567052,-5.97387428629,-59.9896756525,7.88101917358,0.00213664520362,-0.0235780932233,-0.0031030085746
0.72,floor,hammer,2,0.270269917896,-0.0453585363508,-1.23021380187e-05,0.0,0.0,-0.997928723693,0.0,0.0,7.76404875969,2.64358209438e-06,-1.2866658226e-08,0.0
0.72,floor,RobotiQ 3-Finger Adaptive Gripper[reflex:distal_3],1,0.0435422973216,-0.0264296179056,-3.77580336186e-06,0.0,0.0,-0.995857447386,0.589292439242,7.04173281443,0.0,0.0,0.0,0.0
0.72,hammer,RobotiQ 3-Finger Adaptive Gripper[reflex:distal_pad_1],5,0.0225721824077,0.0129065000012,0.0115973357153,0.0840610091023,0.971871880189,-0.197124612923,3.53390214747,30.6391764935,-0.399219365631,-0.000677908665677,-0.00800123208631,0.00154381090487
0.72,hammer,RobotiQ 3-Finger Adaptive Gripper[reflex:distal_pad_2],5,0.0750953330452,0.0103164080676,0.0129353376165,0.0458048885684,0.962260192257,-0.252865493937,2.58304486714,25.6579289036,-5.59383180885,-0.000543707364137,-0.00628806426667,0.00138969562699
0.72,hammer,RobotiQ 3-Finger Adaptive Gripper[reflex:distal_pad_3],11,0.0495252267404,-0.0159130232605,0.0118161316845,0.0366033421546,-0.986620193236,-0.122785877408,-6.10031026173,-59.7206900089,6.71135386348,0.00125328921738,-0.0288026424341,-0.00340989242439
0.73,floor,hammer,2,0.270266205701,-0.0453977988983,-1.53249856653e-05,0.0,0.0,-0.997928723693,0.0,0.0,8.50082953789,2.89433121987e-06,-1.46517592073e-08,0.0
0.73,floor,RobotiQ 3-Finger Adaptive Gripper[reflex:distal_3],1,0.043542294965,-0.0264320986497,-2.80641440828e-06,0.0,0.0,-0.995857447386,-0.0685364102056,6.10423965201,0.0,0.0,0.0,0.0
0.73,hammer,RobotiQ 3-Finger Adaptive Gripper[reflex:distal_pad_1],5,0.0223009796819,0.0129668728631,0.0118817823196,0.110775386377,0.971616856003,-0.186214341623,3.59569396582,28.905786101,-5.30092920802,0.000484023107895,-0.00359046430739,0.00160093679048
0.73,hammer,RobotiQ 3-Finger Adaptive Gripper[reflex:distal_pad_2],5,0.0748320280336,0.0103574962395,0.0131499716199,0.0668553214328,0.967660124481,-0.228011240754,2.76249272727,26.6433245571,-3.48348694507,-0.000120358440661,-0.0034111586693,0.00119983130393
0.73,hammer,RobotiQ 3-Finger Adaptive Gripper[reflex:distal_pad_3],11,0.0497841386024,-0.01592974716,0.0118755028726,0.0260684204414,-0.988264352852,-0.114112451985,-6.3408751329,-58.867240526,9.51456565237,0.000995926166032,-0.0195091174698,-0.00243966341544
0.74,floor,hammer,2,0.270265847142,-0.0454103702679,-1.87323154513e-05,0.0,0.0,-0.997928723693,0.0,0.0,8.21890847001,2.7948889656e-06,-1.42022095437e-08,0.0
0.74,floor,RobotiQ 3-Finger Adaptive Gripper[reflex:distal_3],1,0.0435423008988,-0.0264321440391,-4.10023981551e-06,0.0,0.0,-0.995857447386,-0.253599673277,5.14090457615,0.480464996253,0.0,0.0,0.0
0.74,hammer,RobotiQ 3-Finger Adaptive Gripper[reflex:distal_pad_1],5,0.0229444897294,0.0128722947718,0.0117729204162,0.0654849446954,0.973774658463,-0.191613179258,-0.538408138935,29.2507623402,-4.43964269273,0.000343210084518,-0.000409196653738,0.0007197966646
0.74,hammer,RobotiQ 3-Finger Adaptive Gripper[reflex:distal_pad_2],5,0.07451481695,0.0103076943652,0.0130010298686,0.0781199793714,0.959580009848,-0.257390691173,-1.69281764566,25.9102748139,-5.33117740662,-0.000285190744362,-0.00472471833928,0.00089023519854
0.74,hammer,RobotiQ 3-Finger Adaptive Gripper[reflex:distal_pad_3],11,0.0496928203758,-0.0159300672406,0.0117419040737,0.0259199134411,-0.986442646905,-0.125145584906,2.24155392419,-57.6190373211,9.92755789118,0.000731158632343,-0.0175612571572,-0.00306001716938
0.75,floor,hammer,2,0.270265406139,-0.0454235997581,-2.18470942039e-05,0.0,0.0,-0.997928723693,0.0,0.0,7.23212362989,2.45649312996e-06,-1.24678512578e-08,0.0
0.75,floor,RobotiQ 3-Finger Adaptive Gripper[reflex:distal_3],1,0.0435423076161,-0.0264321875952,-6.79200343529e-06,0.0,0.0,-0.995857447386,-0.52471329561,5.42486358691,0.686845925322,0.0,0.0,0.0
0.75,hammer,RobotiQ 3-Finger Adaptive Gripper[reflex:distal_pad_1],5,0.0224569685216,0.0128574568109,0.0116792502953,0.0851093697761,0.97156233274,-0.198511157417,-3.39636338525,31.1241010558,0.329217413037,-0.000515863424898,-0.00596122484665,0.00105152295939
0.75,hammer,RobotiQ 3-Finger Adaptive Gripper[reflex:distal_pad_2],5,0.0745498378307,0.010288574558,0.0130163814704,0.0811601944837,0.960369767029,-0.252572596627,-3.42342670035,23.339363492,-11.8601880429,-0.000142090122631,-0.00147687298914,0.000230798568637
0.75,hammer,RobotiQ 3-Finger Adaptive Gripper[reflex:distal_pad_3],11,0.0494063617055,-0.015960342876,0.011826970739,0.0552003216983,-0.982954675504,-0.134873621026,6.82777494573,-56.5174756272,10.2628072698,0.000219661958856,-0.0135352442268,-0.00317288927249
0.76,floor,hammer,2,0.270265253202,-0.0454331556908,-2.4777313634e-05,0.0,0.0,-0.997928723693,0.0,0.0,6.80169455829,2.30938133285e-06,-1.16896488802e-08,0.0
0.76,floor,RobotiQ 3-Finger Adaptive Gripper[reflex:distal_3],1,0.0435423122742,-0.0264322317724,-9.2045569119e-06,0.0,0.0,-0.995857447386,-0.314358268506,5.31372257065,1.12833527133,0.0,0.0,0.0
0.76,hammer,RobotiQ 3-Finger Adaptive Gripper[reflex:distal_pad_1],6,0.0224751508819,0.0128676194442,0.0117890056172,0.0826357326209,0.969346235548,-0.204327151912,-3.51635043096,31.023531797,-0.0136402107963,-0.000569344634538,-0.00250043659175,0.000712118719165
0.76,hammer,RobotiQ 3-Finger Adaptive Gripper[reflex:distal_pad_2],5,0.0742130724074,0.0103125313307,0.0130595868099,0.104845290299,0.954909611489,-0.266001518783,-3.52029333832,23.7617032864,-10.9390065432,0.000294466449483,0.00580793053147,-0.00157122816636
0.76,hammer,RobotiQ 3-Finger Adaptive Gripper[reflex:distal_pad_3],11,0.049752366839,-0.0159595259214,0.0117816024561,0.0210640410826,-0.987545547471,-0.118096204576,7.04348290919,-56.5610721497,9.11763391981,0.000163801865506,-0.0129548561281,-0.00317543081981
0.77,floor,hammer,2,0.27026545447,-0.0454386981747,-2.76856188304e-05,0.0,0.0,-0.997928723693,0.0,0.0,6.47873649217,2.19892708266e-06,-1.10839969039e-08,0.0
0.77,floor,RobotiQ 3-Finger Adaptive Gripper[reflex:distal_3],1,0.0435423158471,-0.0264322748767,-1.14335551577e-05,0.0,0.0,-0.995857447386,-0.276773276974,4.79839771944,1.95771187775,0.0,0.0,0.0
0.77,hammer,RobotiQ 3-Finger Adaptive Gripper[reflex:distal_pad_1],6,0.022502829444,0.0128416276287,0.0117340087851,0.0953220077398,0.97534935563,-0.167520249459,-3.63009515734,30.3271445935,-1.70130571811,-8.62177625878e-05,-0.00441702976274,0.000126991108464
0.77,hammer,RobotiQ 3-Finger Adaptive Gripper[reflex:distal_pad_2],5,0.0743792212323,0.0102774381983,0.0130153696121,0.0739790704826,0.9635645023,-0.244960522713,-3.55655009784,24.4776731775,-9.18312460367,0.00033888310819,0.00324537332186,-0.000730430747572
0.77,hammer,RobotiQ 3-Finger Adaptive Gripper[reflex:distal_pad_3],11,0.0497280472948,-0.0159692218911,0.0118157336673,0.0347755871164,-0.985448325926,-0.129900058336,7.18852499483,-56.0055754254,8.49112565358,0.000160894705746,-0.00828421160498,-0.00269461732713
0.78,floor,hammer,2,0.27026578183,-0.0454423425247,-3.05120785604e-05,0.0,0.0,-0.997928723693,0.0,0.0,6.28046288563,2.13116369118e-06,-1.06958815151e-08,0.0
0.78,floor,RobotiQ 3-Finger Adaptive Gripper[reflex:distal_3],1,0.0435423188348,-0.026432316722,-1.35820622017e-05,0.0,0.0,-0.995857447386,-0.283633346939,4.72480226715,2.36371603255,8.00412637908e-21,4.80493579595e-22,0.0
0.78,hammer,RobotiQ 3-Finger Adaptive Gripper[reflex:distal_pad_1],6,0.0223068876356,0.0128828473819,0.0118248877373,0.109326711328,0.969229646971,-0.191104500177,-3.40067489225,30.2763101403,-1.92883077601,0.000333203620403,0.0026863286141,0.000195444310116
0.78,hammer,RobotiQ 3-Finger Adaptive Gripper[reflex:distal_pad_2],5,0.0744386722357,0.0103029480894,0.0131669378563,0.0780103594255,0.971918550608,-0.203340716624,-3.70414482775,24.7428579093,-8.64563861318,0.000892736132324,0.00254077435853,0.000275577921862
0.78,hammer,RobotiQ 3-Finger Adaptive Gripper[reflex:distal_pad_3],10,0.0497635001698,-0.0159664931774,0.0118340996532,0.0202293589792,-0.987241055183,-0.128889023042,7.10431022155,-56.0570940133,7.91747246645,-0.000171215532404,-0.00665237236909,-0.00184684213731
0.79,floor,hammer,2,0.270266354933,-0.0454433446874,-3.32985504188e-05,0.0,0.0,-0.997928723693,0.0,0.0,5.92056444296,2.00792562919e-06,-1.00234479988e-08,0.0
0.79,floor,RobotiQ 3-Finger Adaptive Gripper[reflex:distal_3],1,0.0435423219922,-0.0264323583629,-1.56099785591e-05,0.0,0.0,-0.995857447386,-0.326738474284,4.50640705948,2.91956205495,0.0,-2.02585313452e-17,3.12694804735e-17
0.79,hammer,RobotiQ 3-Finger Adaptive Gripper[reflex:distal_pad_1],6,0.0226916623609,0.0128234794679,0.0118193442346,0.0713242009857,0.971662523231,-0.201623080441,-3.79026890662,30.4577988312,-1.43483920869,3.36391468334e-05,-0.000492170415771,0.000675169098258
0.79,hammer,RobotiQ 3-Finger Adaptive Gripper[reflex:distal_pad_2],5,0.0744191895851,0.0102591101402,0.0130680789931,0.0853488588925,0.95467066509,-0.262973973888,-3.66180051555,24.6504463624,-8.8788754818,-0.000100217578108,-0.000455691593802,0.000275540387383
0.79,hammer,RobotiQ 3-Finger Adaptive Gripper[reflex:distal_pad_3],10,0.0497013991404,-0.0159856161517,0.0118875630728,0.028853716861,-0.987319901693,-0.131286737533,7.45104173213,-55.89916683,7.20848939844,-0.000136870246342,-0.00548518352968,-0.00144484722378
0.8,floor,hammer,2,0.27026695068,-0.0454434038101,-3.58980537277e-05,0.0,0.0,-0.997928723693,0.0,0.0,5.63537984503,1.91029520785e-06,-9.48718752355e-09,0.0
0.8,floor,RobotiQ 3-Finger Adaptive Gripper[reflex:distal_3],1,0.0435423251742,-0.0264323994907,-1.75839959967e-05,0.0,0.0,-0.995857447386,-0.286973430826,4.33414962529,3.3300169028,-1.15533169934e-17,0.0,-9.95639094872e-19
0.8,hammer,RobotiQ 3-Finger Adaptive Gripper[reflex:distal_pad_1],6,0.0227280594617,0.0128159091741,0.0118310584692,0.0713108803056,0.971905904502,-0.200868000468,-3.85607353922,30.5235635317,-1.22266781197,-5.66061239989e-06,-0.00121278234356,0.000790221238624
0.8,hammer,RobotiQ 3-Finger Adaptive Gripper[reflex:distal_pad_2],5,0.074354853737,0.0102804759939,0.0131439418449,0.0856566489748,0.961870412927,-0.24539714674,-3.61052792609,24.7490656968,-8.67545425078,9.08869147843e-05,0.000700696269653,-1.12576840835e-05
0.8,hammer,RobotiQ 3-Finger Adaptive Gripper[reflex:distal_pad_3],10,0.0499829793371,-0.0159872017641,0.0118989308778,0.0252136777792,-0.987098065591,-0.129776015878,7.46535507759,-55.8517722445,6.43634829433,-0.000368002376427,-0.00553568458209,-0.00162504799396
0.81,floor,hammer,2,0.270267681834,-0.0454420770798,-3.83811630977e-05,0.0,0.0,-0.997928723693,0.0,0.0,5.66829415508,1.92150451469e-06,-9.48700921239e-09,0.0
0.81,floor,RobotiQ 3-Finger Adaptive Gripper[reflex:distal_3],1,0.0435423281149,-0.026432440213,-1.93800699573e-05,0.0,0.0,-0.995857447386,-0.301273107511,4.30775866303,3.33365310477,1.15659326032e-17,0.0,1.04525106456e-18
0.81,hammer,RobotiQ 3-Finger Adaptive Gripper[reflex:distal_pad_1],6,0.0227273274638,0.012809307262,0.0118335586334,0.0713199277933,0.971901823226,-0.200886225023,-3.88498911735,30.4537480056,-1.38099534929,2.56484195074e-05,-0.00100064737593,0.000748859210914
0.81,hammer,RobotiQ 3-Finger Adaptive Gripper[reflex:distal_pad_2],5,0.074527754223,0.0102447313884,0.0130991163519,0.0858719488365,0.959799602661,-0.250892686568,-3.77585835369,24.63865885,-8.9010743994,-1.384543477e-05,0.0003842528606,1.73265372578e-05
0.81,hammer,RobotiQ 3-Finger Adaptive Gripper[reflex:distal_pad_3],10,0.0499462910297,-0.0159970595854,0.0119425718478,0.0252130619703,-0.987093620823,-0.129839985489,7.66175564915,-55.6505927592,6.82803641447,-0.000399600531376,-0.00575850888912,-0.0015869116376
0.82,floor,hammer,2,0.270268486996,-0.0454398425583,-4.07875655226e-05,0.0,0.0,-0.997928723693,0.0,0.0,5.44929398463,1.8464021608e-06,-9.05839556623e-09,0.0
0.82,floor,RobotiQ 3-Finger Adaptive Gripper[reflex:distal_3],1,0.0435423309789,-0.0264324801965,-2.09675215272e-05,0.0,0.0,-0.995857447386,-0.247055458496,4.13941937229,3.57314673724,0.0,0.0,0.0
0.82,hammer,RobotiQ 3-Finger Adaptive Gripper[reflex:distal_pad_1],6,0.0224266588048,0.0127630487703,0.0115791118902,0.0858666510449,0.975422265621,-0.169723081316,-3.67515043,30.6467387803,-0.655653846733,-6.23147767041e-05,-0.0117029217258,0.000983876522375
0.82,hammer,RobotiQ 3-Finger Adaptive Gripper[reflex:distal_pad_2],6,0.0746346370731,0.0102513740525,0.0131364489759,0.0565354391433,0.968642573302,-0.220673413857,-3.92856263023,24.4049336027,-9.52845609514,0.000470004470537,-0.000692156791161,0.000712585337476
0.82,hammer,RobotiQ 3-Finger Adaptive Gripper[reflex:distal_pad_3],10,0.0499463001184,-0.0160002360899,0.0119442913662,0.02522401645,-0.987071435529,-0.130009799994,7.6065728504,-55.5235724001,6.49593322626,-0.000482087085273,-0.00423424362646,-0.00140158853282
0.83,floor,hammer,2,0.270269406086,-0.0454362294399,-4.31518086816e-05,0.0,0.0,-0.997928723693,0.0,0.0,5.37188184868,1.81963732049e-06,-8.8644092661e-09,0.0
0.83,floor,RobotiQ 3-Finger Adaptive Gripper[reflex:distal_3],1,0.0435423334075,-0.0264325186481,-2.23515472347e-05,0.0,0.0,-0.995857447386,-0.233528662666,4.0234145176,3.64699569512,0.0,0.0,0.0
0.83,hammer,RobotiQ 3-Finger Adaptive Gripper[reflex:distal_pad_1],6,0.0224664959836,0.0127640206838,0.0116036001861,0.0859060353835,0.975432987366,-0.169779185363,-3.7129639937,30.245017352,-1.68491477461,0.000295392554193,-0.00960012314506,0.000595799004864
0.83,hammer,RobotiQ 3-Finger Adaptive Gripper[reflex:distal_pad_2],5,0.0744811850029,0.0102547945192,0.0130453792099,0.0941205280794,0.970448302075,-0.203956423946,-3.74802621591,25.1346699966,-7.6241928098,0.00091620441305,0.00442948353104,-0.000161798207322
0.83,hammer,RobotiQ 3-Finger Adaptive Gripper[reflex:distal_pad_3],10,0.0494502522595,-0.0160120081267,0.0118977871558,0.0556598645938,-0.985828264354,-0.129760647226,7.45655837565,-55.6905680178,5.59010169153,-0.000259456783064,-0.00367766920199,-0.0012236661566
0.84,floor,hammer,2,0.270270095712,-0.0454337890635,-4.55152974128e-05,0.0,0.0,-0.997928723693,0.0,0.0,5.37880805995,1.82223140781e-06,-8.83042442874e-09,0.0
0.84,floor,RobotiQ 3-Finger Adaptive Gripper[reflex:distal_3],1,0.0435423358468,-0.0264325551842,-2.35497977904e-05,0.0,0.0,-0.995857447386,-0.241492482638,3.76196071349,3.74537726967,0.0,2.59887755044e-17,-2.61038462616e-17
0.84,hammer,RobotiQ 3-Finger Adaptive Gripper[reflex:distal_pad_1],6,0.0224183708596,0.0127631082219,0.0115957234316,0.0987803955143,0.974310842095,-0.162940694996,-3.71919306396,30.1841593823,-1.84792861067,0.000573432940632,-0.0101416251098,-0.00045631960376
0.84,hammer,RobotiQ 3-Finger Adaptive Gripper[reflex:distal_pad_2],6,0.0746681840348,0.0102191204556,0.0130944661583,0.075364412866,0.962555313141,-0.242619903258,-3.8567794008,25.0770871303,-7.78808686266,0.000286617223126,0.0054691026993,-0.000890107692424
0.84,hammer,RobotiQ 3-Finger Adaptive Gripper[reflex:distal_pad_3],10,0.0493757061029,-0.0160306648369,0.0118900715057,0.0504229563199,-0.984790709616,-0.134686653918,7.5722773695,-55.434426369,5.82889921252,-1.70781968483e-06,-0.000874828177427,-0.00172899595825
0.85,floor,hammer,2,0.270270371893,-0.0454340014398,-4.77545938932e-05,0.0,0.0,-0.997928723693,0.0,0.0,5.31504168284,1.8004491709e-06,-8.70627782762e-09,0.0
0.85,floor,RobotiQ 3-Finger Adaptive Gripper[reflex:distal_3],1,0.0502334299732,-0.0264338138543,-1.23987217763e-05,0.0,0.0,-1.0,-0.213623360386,3.7737008851,3.77073050564,0.0,0.0,0.0
0.85,hammer,RobotiQ 3-Finger Adaptive Gripper[reflex:distal_pad_1],6,0.0225110684843,0.012795363936,0.011751762834,0.0802118699306,0.969636572115,-0.199624081494,-3.7064309613,30.3208690863,-1.51602607472,-6.53425139366e-05,-0.0043959882583,0.00209260653916
0.85,hammer,RobotiQ 3-Finger Adaptive Gripper[reflex:distal_pad_2],6,0.0747462615174,0.01023653995,0.0131905755426,0.0686418691328,0.962128219925,-0.24463043535,-3.75690878614,24.9691878224,-8.11941312456,-0.000169132523583,0.000178118295178,0.000333474462905
0.85,hammer,RobotiQ 3-Finger Adaptive Gripper[reflex:distal_pad_3],10,0.0494775369739,-0.0160231865898,0.0119290999715,0.0347278741358,-0.987067229272,-0.130454674278,7.46216144349,-55.4540120994,5.75393140481,-3.12684940425e-05,-0.0097315715461,-0.00213323353629
0.86,floor,hammer,2,0.270270483284,-0.0454354712525,-4.99051963793e-05,0.0,0.0,-0.997928723693,0.0,0.0,5.20479863262,1.76264805332e-06,-8.51803142125e-09,0.0
0.86,floor,RobotiQ 3-Finger Adaptive Gripper[reflex:distal_3],1,0.0502334316281,-0.0264338511892,-1.40054250248e-05,0.0,0.0,-1.0,-0.332093916593,3.71595465406,3.9714834462,-6.29507204499e-21,-5.62588977874e-22,0.0
0.86,hammer,RobotiQ 3-Finger Adaptive Gripper[reflex:distal_pad_1],6,0.0227077777691,0.0127269531686,0.0115225737902,0.0721111607527,0.974809929759,-0.163137647426,-3.99520740712,30.4005553836,-1.15334169653,0.000204169049199,-0.00852144230036,0.000220765210741
0.86,hammer,RobotiQ 3-Finger Adaptive Gripper[reflex:distal_pad_2],6,0.0747473029386,0.0102415546802,0.0132396851394,0.0696003288787,0.962071256991,-0.244225446552,-3.08294251375,24.8210852298,-8.49135743364,-0.000178147673562,0.000695300146612,0.000243083884076
0.86,hammer,RobotiQ 3-Finger Adaptive Gripper[reflex:distal_pad_3],10,0.0496442214929,-0.0160005924848,0.0118696261949,0.0409803375308,-0.985306561057,-0.142207400772,7.07821401385,-55.3630490419,5.60859491745,-0.000362866492854,-0.00328476741755,-0.0009625667613
0.87,floor,hammer,2,0.270270594257,-0.0454366022123,-5.20330251084e-05,0.0,0.0,-0.997928723693,0.0,0.0,5.27006113792,1.78502686762e-06,-8.62094108154e-09,0.0
0.87,floor,RobotiQ 3-Finger Adaptive Gripper[reflex:distal_3],1,0.0502334339509,-0.0264338883179,-1.55195633005e-05,0.0,0.0,-1.0,-0.260884063881,3.80245347443,3.9137743846,0.0,0.0,0.0
0.87,hammer,RobotiQ 3-Finger Adaptive Gripper[reflex:distal_pad_1],6,0.0225299881377,0.0127971285568,0.0117770556918,0.0894953930787,0.97042470923,-0.197520102281,-3.77345218242,30.0636227914,-2.19397569937,0.000447090670121,0.00109001115539,0.00042109698658
0.87,hammer,RobotiQ 3-Finger Adaptive Gripper[reflex:distal_pad_2],6,0.0749185780851,0.0102075474878,0.0131365279421,0.0622138716726,0.964164552633,-0.23169465004,-2.62696842901,25.2542381198,-7.30470900874,0.000420511026621,0.00598589862545,-0.00053839895903
0.87,hammer,RobotiQ 3-Finger Adaptive Gripper[reflex:distal_pad_3],10,0.0496442429838,-0.0160021010479,0.0118687814157,0.0409816261599,-0.985299747945,-0.142256300174,6.400530267,-55.430795016,5.52435404702,-0.000402183492347,-0.00274645929829,-0.000860189252491
0.88,floor,hammer,2,0.27027072098,-0.0454374884662,-5.41330146893e-05,0.0,0.0,-0.997928723693,0.0,0.0,5.25772021595,1.78081481742e-06,-8.59509539125e-09,0.0
0.88,floor,RobotiQ 3-Finger Adaptive Gripper[reflex:distal_3],1,0.0502334367317,-0.0264339266264,-1.69449478886e-05,0.0,0.0,-1.0,-0.226731909448,3.86834000592,3.93428133671,0.0,0.0,0.0
0.88,hammer,RobotiQ 3-Finger Adaptive Gripper[reflex:distal_pad_1],6,0.022530048368,0.0127946301385,0.0117771485503,0.0894959247595,0.970424371072,-0.197524500688,-3.77001087273,30.0919865205,-2.11041772913,0.000300478700477,0.00100134757466,0.000421123453676
0.88,hammer,RobotiQ 3-Finger Adaptive Gripper[reflex:distal_pad_2],6,0.0747073741167,0.0102189221281,0.0131779823546,0.0753866337947,0.962229092227,-0.243958824176,-2.65622724075,25.2889945137,-7.27731069187,0.000131047550908,0.00421112891351,-0.000560676977206
0.88,hammer,RobotiQ 3-Finger Adaptive Gripper[reflex:distal_pad_3],10,0.0496445797712,-0.0160035449237,0.0118718214345,0.0409060454829,-0.985288249311,-0.142295385084,6.42659118187,-55.4792407404,5.39286563256,-0.000343619694785,-0.00334735317335,-0.000951612707341
0.89,floor,hammer,2,0.270270829005,-0.0454384271388,-5.61530673208e-05,0.0,0.0,-0.997928723693,0.0,0.0,5.23406105334,1.77270098906e-06,-8.55149014811e-09,0.0
0.89,floor,RobotiQ 3-Finger Adaptive Gripper[reflex:distal_3],1,0.0502334394078,-0.0264339649707,-1.83198312101e-05,0.0,0.0,-1.0,-0.201181776304,3.86762857504,3.96452849766,0.0,0.0,0.0
0.89,hammer,RobotiQ 3-Finger Adaptive Gripper[reflex:distal_pad_1],6,0.0225301263563,0.0127922404834,0.0117772638104,0.0894960950654,0.970423577293,-0.197531503916,-3.76987162225,30.0935008369,-2.09418525326,0.000297370639794,0.000992372998023,0.000421241107209
0.89,hammer,RobotiQ 3-Finger Adaptive Gripper[reflex:distal_pad_2],6,0.0747074369056,0.0102164056108,0.0131780552899,0.0753856663575,0.962228215518,-0.243966855684,-2.66887584609,25.2960424895,-7.25211547522,0.00012886389609,0.00409170299932,-0.000544206724521
0.89,hammer,RobotiQ 3-Finger Adaptive Gripper[reflex:distal_pad_3],10,0.0496446006456,-0.0160048547801,0.011870983715,0.0409072044788,-0.985282095356,-0.142338823258,6.43906385765,-55.4653678118,5.32033581311,-0.000343776616244,-0.00333378738706,-0.000943819818066
0.9,floor,hammer,2,0.270270916421,-0.045439303701,-5.8209108075e-05,0.0,0.0,-0.997928723693,0.0,0.0,5.14459079647,1.74197539801e-06,-8.40017952322e-09,0.0
0.9,floor,RobotiQ 3-Finger Adaptive Gripper[reflex:distal_3],1,0.0502334412347,-0.026434002827,-1.95725867667e-05,0.0,0.0,-1.0,-0.0641948286155,3.89565558855,4.03277230656,0.0,0.0,0.0
0.9,hammer,RobotiQ 3-Finger Adaptive Gripper[reflex:distal_pad_1],6,0.0227838926947,0.0127137334388,0.0115004576686,0.0699074836185,0.974598979142,-0.163306267956,-3.80223462209,30.2941675286,-1.34584181168,0.000208293477599,-0.0103149517011,0.00096306950032
0.9,hammer,RobotiQ 3-Finger Adaptive Gripper[reflex:distal_pad_2],6,0.0747075090074,0.0102140904646,0.0131780981711,0.0753849979387,0.962227749191,-0.243973134207,-1.33342707232,25.0360200798,-7.87323850563,0.000159489739029,0.00463121851302,-0.000562127797228
0.9,hammer,RobotiQ 3-Finger Adaptive Gripper[reflex:distal_pad_3],10,0.0494375317263,-0.0160128776697,0.0118171243804,0.0457069518475,-0.985160701273,-0.141760149059,5.13785213382,-55.4157869058,5.10976280053,-0.000367121697489,-0.00328462991263,-0.00128147566399
0.91,floor,hammer,2,0.270271013166,-0.0454404094781,-6.01542709225e-05,0.0,0.0,-0.997928723693,0.0,0.0,5.13864174753,1.73990655653e-06,-8.38577598435e-09,0.0
0.91,floor,RobotiQ 3-Finger Adaptive Gripper[reflex:distal_3],1,0.0502334434491,-0.0264340373557,-2.08012376241e-05,0.0,0.0,-1.0,-0.0440777739495,3.74731995415,4.06818422805,0.0,0.0,0.0
0.91,hammer,RobotiQ 3-Finger Adaptive Gripper[reflex:distal_pad_1],6,0.0227839070201,0.0127111853171,0.0115005527515,0.0699077934425,0.974604478644,-0.1632722585,-4.07216957825,30.1181482981,-1.78841250402,0.000282079139615,-0.00962851255147,0.00107875199631
0.91,hammer,RobotiQ 3-Finger Adaptive Gripper[reflex:distal_pad_2],6,0.0749006336558,0.0101994674154,0.0131377370208,0.0638680551507,0.963883609939,-0.231817320052,-0.741178618597,25.126437482,-7.55711992056,0.000412633395724,0.00553733978149,-0.000452459426336
0.91,hammer,RobotiQ 3-Finger Adaptive Gripper[reflex:distal_pad_3],10,0.0494578942345,-0.0160153667382,0.0118430837602,0.0455922226059,-0.985156127649,-0.141829492959,4.81527705142,-55.2900030785,5.21716512018,-0.000411557085429,-0.0028368317565,-0.00117537366025
0.92,floor,hammer,2,0.270271134851,-0.0454408505814,-6.2118676259e-05,0.0,0.0,-0.997928723693,0.0,0.0,5.18120019374,1.7544959943e-06,-8.45157109437e-09,0.0
0.92,floor,RobotiQ 3-Finger Adaptive Gripper[reflex:distal_3],1,0.0502334452358,-0.0264340727177,-2.19266286851e-05,0.0,0.0,-1.0,-0.213297770741,3.67376329001,4.02261682577,0.0,0.0,0.0
0.92,hammer,RobotiQ 3-Finger Adaptive Gripper[reflex:distal_pad_1],6,0.022783944149,0.0127093074412,0.0115003367054,0.0699076327239,0.974609955808,-0.163238550609,-4.07499957431,30.0227568367,-2.02697575206,0.000320996360701,-0.00936320281688,0.00105986689931
0.92,hammer,RobotiQ 3-Finger Adaptive Gripper[reflex:distal_pad_2],6,0.0749295338859,0.0101823570178,0.0131140648668,0.0552282450291,0.965016753254,-0.230142104825,-1.03598011499,25.1753788067,-7.39473018591,0.00019169824127,0.00254747412912,0.000234775754228
0.92,hammer,RobotiQ 3-Finger Adaptive Gripper[reflex:distal_pad_3],10,0.0494579238363,-0.016016193427,0.011842056243,0.0455933673794,-0.985153158074,-0.141848808326,5.11192438764,-55.2300545027,5.3370403459,-0.000409008261776,-0.00272412411883,-0.00116276628223
0.93,floor,hammer,2,0.270271259106,-0.0454412147011,-6.40617791581e-05,0.0,0.0,-0.997928723693,0.0,0.0,5.33919074029,1.80871953628e-06,-8.70834302653e-09,0.0
0.93,floor,RobotiQ 3-Finger Adaptive Gripper[reflex:distal_3],1,0.0502334474077,-0.0264341091805,-2.29784117495e-05,0.0,0.0,-1.0,-0.209732508467,3.70107534209,3.86727629164,0.0,0.0,0.0
0.93,hammer,RobotiQ 3-Finger Adaptive Gripper[reflex:distal_pad_1],6,0.0227008739694,0.0127559001456,0.0116518286566,0.0843602335476,0.975339396507,-0.155350030755,-4.02304102232,29.7930668538,-2.76512601581,0.000757002963567,-0.00547311986692,6.28188083758e-05
0.93,hammer,RobotiQ 3-Finger Adaptive Gripper[reflex:distal_pad_2],6,0.074879954286,0.0101884300784,0.0131157469592,0.0637845975557,0.963882909436,-0.231658054473,-0.904461584919,25.4585446544,-6.69547701876,0.000317001190096,0.00506980777737,-0.00026162309783
0.93,hammer,RobotiQ 3-Finger Adaptive Gripper[reflex:distal_pad_3],10,0.0494579529624,-0.0160169816305,0.0118410758476,0.045594496468,-0.985150050514,-0.141868694017,4.92833366441,-55.2859753039,5.524053099,-0.000388322759097,-0.00295255166069,-0.00117146265747
0.94,floor,hammer,2,0.270271378408,-0.0454415679354,-6.59397282384e-05,0.0,0.0,-0.997928723693,0.0,0.0,5.12600755784,1.73554234798e-06,-8.35210155609e-09,0.0
0.94,floor,RobotiQ 3-Finger Adaptive Gripper[reflex:distal_3],1,0.0502334498196,-0.02643414612,-2.39873936511e-05,0.0,0.0,-1.0,-0.172179680224,3.45276854136,4.06624604261,0.0,0.0,0.0
0.94,hammer,RobotiQ 3-Finger Adaptive Gripper[reflex:distal_pad_1],6,0.022812840367,0.0126951608111,0.0114524709741,0.0695981897373,0.973609300395,-0.166678835444,-4.11997775967,29.9822472453,-2.06152327843,0.000252169306699,-0.00961245546022,0.00102010724442
0.94,hammer,RobotiQ 3-Finger Adaptive Gripper[reflex:distal_pad_2],6,0.0748598292055,0.0101996337561,0.0131584588952,0.0641949016465,0.963743625503,-0.231850480254,-0.752041241795,25.1115350587,-7.54249288739,0.000380040088479,0.00536073158101,-0.000289733739233
0.94,hammer,RobotiQ 3-Finger Adaptive Gripper[reflex:distal_pad_3],10,0.0492573300432,-0.0160554267165,0.0120077446682,0.066674520279,-0.984844504302,-0.13368432266,4.87194751701,-55.09558867,5.47050575164,6.3720586291e-05,-0.00486736136636,-0.00159688195276
0.95,floor,hammer,2,0.270271509556,-0.0454418287165,-6.77625480276e-05,0.0,0.0,-0.997928723693,0.0,0.0,5.42422672514,1.83789492548e-06,-8.83992120587e-09,0.0
0.95,floor,RobotiQ 3-Finger Adaptive Gripper[reflex:distal_3],1,0.0502334521238,-0.0264341829183,-2.49513427261e-05,0.0,0.0,-1.0,-0.193209355137,3.73361726855,3.82005565442,0.0,0.0,0.0
0.95,hammer,RobotiQ 3-Finger Adaptive Gripper[reflex:distal_pad_1],6,0.0228117880883,0.0127675544281,0.0117486307149,0.0766805223334,0.969992254329,-0.198645178243,-3.77845644692,29.511821737,-3.51030823828,0.000480407656796,-0.0040828933092,0.00230270176264
0.95,hammer,RobotiQ 3-Finger Adaptive Gripper[reflex:distal_pad_2],6,0.0747048418967,0.0102080459906,0.0131941898975,0.0753709991384,0.962368179998,-0.24268056302,-1.20145643768,25.8263236022,-5.86581115798,0.000184455150154,0.003938521788,-0.000409616454036
0.95,hammer,RobotiQ 3-Finger Adaptive Gripper[reflex:distal_pad_3],10,0.0494580108106,-0.0160184318021,0.0118391620072,0.0455967493042,-0.985144575988,-0.14190298739,4.97944600259,-55.3092165843,5.49806365196,-0.000389334110337,-0.00304180336141,-0.00115398168274
0.96,floor,hammer,2,0.270271594664,-0.0454423783946,-6.95800803079e-05,0.0,0.0,-0.997928723693,0.0,0.0,5.16969639128,1.75064662461e-06,-8.4177599578e-09,0.0
0.96,floor,RobotiQ 3-Finger Adaptive Gripper[reflex:distal_3],1,0.0502334542518,-0.02643422023,-2.58410802624e-05,0.0,0.0,-1.0,-0.365817206348,3.51523600614,4.12178409486,0.0,0.0,0.0
0.96,hammer,RobotiQ 3-Finger Adaptive Gripper[reflex:distal_pad_1],6,0.0228494972842,0.0127495225763,0.0116762505744,0.0782105469023,0.968631309252,-0.202175955862,-4.03014921043,29.7011356955,-2.91705224882,0.00031430535719,-0.0032138302073,0.00189502044574
0.96,hammer,RobotiQ 3-Finger Adaptive Gripper[reflex:distal_pad_2],6,0.0747048928651,0.0102062057774,0.0131942716189,0.0753704492864,0.962368453895,-0.242683368056,-1.75852747966,25.5356762483,-6.56817858944,0.000224723937947,0.00430727232961,-0.000497825484302
0.96,hammer,RobotiQ 3-Finger Adaptive Gripper[reflex:distal_pad_3],10,0.0497220621898,-0.016036742582,0.0119851207286,0.0320130360075,-0.98679663865,-0.130388271059,5.78764593388,-55.137847475,5.32377098386,-0.000462098441348,-0.00189911156183,-0.00155771961179
0.97,floor,hammer,2,0.270271673752,-0.0454431206232,-7.12599189266e-05,0.0,0.0,-0.997928723693,0.0,0.0,5.2054239745,1.76285314759e-06,-8.47359617838e-09,0.0
0.97,floor,RobotiQ 3-Finger Adaptive Gripper[reflex:distal_3],1,0.0502334568778,-0.0264342568715,-2.67465224756e-05,0.0,0.0,-1.0,-0.252697685411,3.7406573953,4.04668803772,0.0,0.0,0.0
0.97,hammer,RobotiQ 3-Finger Adaptive Gripper[reflex:distal_pad_1],6,0.0226277029742,0.0127752477671,0.0117884373935,0.0883764776284,0.970236193102,-0.199392935453,-3.86299343243,29.835710868,-2.6787758994,0.000393669532714,0.000341363706106,0.000526837863998
0.97,hammer,RobotiQ 3-Finger Adaptive Gripper[reflex:distal_pad_2],6,0.0746145134317,0.0102243993255,0.013253746343,0.0750420267134,0.962927350413,-0.240313964138,-1.75616347246,25.5497862982,-6.57928782897,9.00084880968e-05,0.00157413358211,0.000130946485462
0.97,hammer,RobotiQ 3-Finger Adaptive Gripper[reflex:distal_pad_3],10,0.0495020675168,-0.0160303654932,0.0119454746944,0.047099876937,-0.987770456614,-0.126905844993,5.6190626795,-55.329199843,5.15143666046,-0.000345986718373,0.000518273973931,-0.000795557492819
0.98,floor,hammer,2,0.270271752166,-0.0454436468568,-7.291981926e-05,0.0,0.0,-0.997928723693,0.0,0.0,5.45706828593,1.84912564646e-06,-8.8854422276e-09,0.0
0.98,floor,RobotiQ 3-Finger Adaptive Gripper[reflex:distal_3],1,0.0502334589855,-0.02643429438,-2.75937656725e-05,0.0,0.0,-1.0,-0.264330146569,3.69261176271,3.72522459035,1.25110552977e-20,8.95585372385e-22,0.0
0.98,hammer,RobotiQ 3-Finger Adaptive Gripper[reflex:distal_pad_1],6,0.0224595661347,0.0127759546574,0.0117618387457,0.106001665259,0.96794660875,-0.203226090462,-3.65796889367,29.6235375899,-3.26750041262,0.000344445829524,-0.000325058525402,0.000414502763671
0.98,hammer,RobotiQ 3-Finger Adaptive Gripper[reflex:distal_pad_2],6,0.0746145650725,0.0102225909807,0.0132539013317,0.0750413640481,0.962927623234,-0.240316321322,-1.95173189938,25.6888910846,-6.2455520762,6.29478691133e-05,0.00103378691239,0.000198645453974
0.98,hammer,RobotiQ 3-Finger Adaptive Gripper[reflex:distal_pad_3],10,0.0495020922788,-0.016031147716,0.0119448065465,0.0471005606839,-0.987767323346,-0.12692999282,5.6099758616,-55.366039287,5.69915100067,-0.000153542075519,-0.0023512831124,-0.0010477793019
0.99,floor,hammer,2,0.270271791225,-0.0454444643578,-7.45334936609e-05,0.0,0.0,-0.997928723693,0.0,0.0,5.45315951943,1.84777996347e-06,-8.87769412103e-09,0.0
0.99,floor,RobotiQ 3-Finger Adaptive Gripper[reflex:distal_3],1,0.0502334613437,-0.0264343318927,-2.84002958501e-05,0.0,0.0,-1.0,-0.125722258587,3.77301804036,3.72561240766,0.0,0.0,0.0
0.99,hammer,RobotiQ 3-Finger Adaptive Gripper[reflex:distal_pad_1],6,0.0228200001416,0.0127616741339,0.0117466370845,0.0791069524566,0.969609030295,-0.198548927903,-2.36141664962,29.6748621107,-3.07206204468,0.000374417109303,-0.0048859523802,0.00229902900508
0.99,hammer,RobotiQ 3-Finger Adaptive Gripper[reflex:distal_pad_2],6,0.0747865032052,0.0102583426884,0.0133908515144,0.0746455071077,0.967417743121,-0.229620818818,-2.75076795221,25.7027701392,-6.31463618534,-2.1701340549e-05,-0.000873554060515,0.000465922679199
0.99,hammer,RobotiQ 3-Finger Adaptive Gripper[reflex:distal_pad_3],10,0.0495021157567,-0.0160320227496,0.0119442876507,0.0471008056928,-0.987763649263,-0.126958493905,5.11247732893,-55.426851074,5.56866791724,-0.000203221880888,-0.00197957361304,-0.000965704728212
1.0,floor,hammer,2,0.270271821147,-0.0454452892058,-7.61120967664e-05,0.0,0.0,-0.997928723693,0.0,0.0,5.45114329444,1.8470797085e-06,-8.8737345903e-09,0.0
1.0,floor,RobotiQ 3-Finger Adaptive Gripper[reflex:distal_3],1,0.050233463118,-0.0264343694826,-2.91624007905e-05,0.0,0.0,-1.0,-0.189348222864,3.75204737582,3.72508330185,0.0,0.0,0.0
1.0,hammer,RobotiQ 3-Finger Adaptive Gripper[reflex:distal_pad_1],6,0.02280133324,0.0127595378565,0.0117420000007,0.0793141134447,0.969635595152,-0.198367630537,-1.61002239246,29.6778535865,-3.04120885391,0.000326743601043,-0.00527595209053,0.00242047179064
1.0,hammer,RobotiQ 3-Finger Adaptive Gripper[reflex:distal_pad_2],6,0.0748092772224,0.0102555674511,0.0133985263674,0.0735806672466,0.967658401741,-0.229327784819,-3.50224543292,25.6813346984,-6.35847590904,-2.58752583833e-05,-0.000860022159653,0.000405555348703
1.0,hammer,RobotiQ 3-Finger Adaptive Gripper[reflex:distal_pad_3],10,0.049502138171,-0.0160328270433,0.0119437608895,0.0471008857473,-0.987760359785,-0.126984055574,5.11267584451,-55.4067161403,5.57873428742,-0.000202414261167,-0.0018281467329,-0.00094009409105
1.01,floor,hammer,2,0.270271858496,-0.0454459962672,-7.76434953349e-05,0.0,0.0,-0.997928723693,0.0,0.0,5.41388654162,1.83438848962e-06,-8.81220173325e-09,0.0
1.01,floor,RobotiQ 3-Finger Adaptive Gripper[reflex:distal_3],1,0.0502334653347,-0.0264344071665,-2.98908110455e-05,0.0,0.0,-1.0,-0.242709666843,3.87388634715,3.77637249713,0.0,0.0,0.0
1.01,hammer,RobotiQ 3-Finger Adaptive Gripper[reflex:distal_pad_1],6,0.0227126829869,0.0127567164905,0.011793075921,0.0906521827652,0.968724378555,-0.202803653754,-1.82529090802,29.6945539241,-3.03205396916,0.000394532642658,0.000989400558123,0.000412247083578
1.01,hammer,RobotiQ 3-Finger Adaptive Gripper[reflex:distal_pad_2],5,0.0747463174213,0.0102905059458,0.0134990116794,0.0727040885624,0.968405284118,-0.223081317572,-3.68687903276,25.777137485,-6.17938044434,-1.71750710235e-05,0.000641503780464,0.000395586269975
1.01,hammer,RobotiQ 3-Finger Adaptive Gripper[reflex:distal_pad_3],10,0.0495021612702,-0.0160335419561,0.0119432000338,0.0471009971773,-0.987757444508,-0.12700669274,5.51227017612,-55.4935881132,5.34287902024,-0.000149050091205,-0.00287069832492,-0.00105277375697
1.02,floor,hammer,2,0.270271889105,-0.0454466997093,-7.91239286505e-05,0.0,0.0,-0.997928723693,0.0,0.0,5.48263832507,1.85787364202e-06,-8.92518944806e-09,0.0
1.02,floor,RobotiQ 3-Finger Adaptive Gripper[reflex:distal_3],1,0.0502334673138,-0.0264344457253,-3.05900772357e-05,0.0,0.0,-1.0,-0.124950978294,3.69934936965,3.68938507695,0.0,0.0,0.0
1.02,hammer,RobotiQ 3-Finger Adaptive Gripper[reflex:distal_pad_1],6,0.0227128259607,0.0127552105901,0.0117934152519,0.0906522341816,0.968723383865,-0.202812786122,-2.66758315947,29.5728149529,-3.35352720497,0.000511036411406,0.00187297478109,0.000240184734192
1.02,hammer,RobotiQ 3-Finger Adaptive Gripper[reflex:distal_pad_2],6,0.0748353636136,0.0102200254557,0.0133142522302,0.0699725723229,0.961569200562,-0.246821324844,-2.15464641224,25.7426302565,-6.09641734005,-0.000237922843657,-0.00139903146746,0.000867416572011
1.02,hammer,RobotiQ 3-Finger Adaptive Gripper[reflex:distal_pad_3],10,0.0495021825837,-0.016034217351,0.0119426426812,0.0471009764493,-0.987754538382,-0.12702930172,4.82293688961,-55.3640727599,5.66002329496,-0.000158236460102,-0.00194470836793,-0.000924911671306
1.03,floor,hammer,2,0.270271931604,-0.0454472297811,-8.05921529146e-05,0.0,0.0,-0.997928723693,0.0,0.0,5.44365097765,1.84451508175e-06,-8.85955054807e-09,0.0
1.03,floor,RobotiQ 3-Finger Adaptive Gripper[reflex:distal_3],1,0.0502334689552,-0.0264344822566,-3.12369651311e-05,0.0,0.0,-1.0,-0.187466045788,3.67239238498,3.7322315893,0.0,0.0,0.0
1.03,hammer,RobotiQ 3-Finger Adaptive Gripper[reflex:distal_pad_1],6,0.0227129517871,0.0127538049942,0.0117943401266,0.0906520938236,0.968723895837,-0.202813196662,-3.89073755528,29.5725462944,-3.35608522706,0.000661036671106,0.00258091740898,0.000144098501353
1.03,hammer,RobotiQ 3-Finger Adaptive Gripper[reflex:distal_pad_2],6,0.0748369392579,0.0102208663568,0.0132740450398,0.0678435027645,0.97022443636,-0.214176224161,-0.877521354087,25.7237627756,-6.09815534555,0.000479681480522,0.000733405019336,0.000479157934719
1.03,hammer,RobotiQ 3-Finger Adaptive Gripper[reflex:distal_pad_3],10,0.0495022031115,-0.0160348623152,0.0119421367798,0.0471012850095,-0.987751940368,-0.12704939521,4.76868118426,-55.3286220316,5.62052560168,-0.00019346753491,-0.00157889062438,-0.000881314075266
1.04,floor,hammer,2,0.270271976954,-0.0454477092719,-8.20216259369e-05,0.0,0.0,-0.997928723693,0.0,0.0,5.4817553762,1.85757948385e-06,-8.92072376762e-09,0.0
1.04,floor,RobotiQ 3-Finger Adaptive Gripper[reflex:distal_3],1,0.0502334710806,-0.0264345190492,-3.18520652566e-05,0.0,0.0,-1.0,-0.201378077687,3.75065483437,3.69209502608,0.0,0.0,0.0
1.04,hammer,RobotiQ 3-Finger Adaptive Gripper[reflex:distal_pad_1],6,0.0227130777025,0.0127524099074,0.0117946087528,0.0906520035739,0.968724376571,-0.202813704163,-3.4827439541,29.560548438,-3.379112186,0.000564587165023,0.00269071010183,6.74344948387e-05
1.04,hammer,RobotiQ 3-Finger Adaptive Gripper[reflex:distal_pad_2],6,0.0747193832441,0.0102445852366,0.0133857961656,0.0691338488207,0.963186421161,-0.242980096703,-1.46308874926,25.8062798414,-5.97960233563,-0.000172509912539,-0.00166398490405,0.00104573511129
1.04,hammer,RobotiQ 3-Finger Adaptive Gripper[reflex:distal_pad_3],10,0.0495022241339,-0.0160354750312,0.0119416438632,0.0471016232072,-0.987749487519,-0.127068346848,4.9462755403,-55.3996009965,5.56288571634,-0.000149457062642,-0.00195842760312,-0.000921156667347
1.05,floor,hammer,3,0.270270765122,-0.0456101973054,-5.56565173288e-05,0.0,0.0,-0.998619149129,0.0,0.0,5.58113576208,2.32468678133e-06,-1.31048362563e-08,0.0
1.05,floor,RobotiQ 3-Finger Adaptive Gripper[reflex:distal_3],1,0.0502334732874,-0.0264345557442,-3.2394301481e-05,0.0,0.0,-1.0,-0.21393622339,3.62707051008,3.57452428445,0.0,0.0,0.0
1.05,hammer,RobotiQ 3-Finger Adaptive Gripper[reflex:distal_pad_1],6,0.0227873786212,0.0127473185581,0.0117928771449,0.0860959120813,0.968555743482,-0.203187438832,-3.17468309485,29.4733986994,-3.57441087249,0.000388590778838,-0.000137435238762,0.000913051493713
1.05,hammer,RobotiQ 3-Finger Adaptive Gripper[reflex:distal_pad_2],6,0.0748397113829,0.0102131033444,0.0133106975598,0.0685598601317,0.961888582134,-0.246798849438,-2.05105124287,25.792491581,-5.95395754828,-0.000158668042186,-0.00115995535854,0.000748429294685
1.05,hammer,RobotiQ 3-Finger Adaptive Gripper[reflex:distal_pad_3],10,0.0498453147834,-0.0160183969491,0.0119141936543,0.0294913299348,-0.987405542799,-0.127059915825,5.22623908213,-55.3170319953,5.8431258501,-0.000185359314209,-0.00869191435937,-0.00206440522501
1.06,floor,hammer,3,0.270270807264,-0.0456111093162,-5.66252158557e-05,0.0,0.0,-0.998619149129,0.0,0.0,5.60976245494,2.33957180424e-06,-1.32007104504e-08,0.0
1.06,floor,RobotiQ 3-Finger Adaptive Gripper[reflex:distal_3],1,0.0502334751104,-0.0264345913669,-3.28840599328e-05,0.0,0.0,-1.0,-0.179201303142,3.61591163483,3.54706856932,0.0,0.0,0.0
1.06,hammer,RobotiQ 3-Finger Adaptive Gripper[reflex:distal_pad_1],6,0.0227874941451,0.01274564209,0.011793345218,0.0860959139194,0.968558076408,-0.203178151254,-3.1366652402,29.4196889179,-3.70641348399,0.000407189633236,-0.000115389642618,0.000906349177743
1.06,hammer,RobotiQ 3-Finger Adaptive Gripper[reflex:distal_pad_2],6,0.0748840543973,0.0102120386402,0.013319249456,0.0688011276139,0.961804101147,-0.247256523508,-1.78655064598,25.8399442857,-5.83413563397,-0.000131603988727,0.000141243937424,0.000510233459795
1.06,hammer,RobotiQ 3-Finger Adaptive Gripper[reflex:distal_pad_3],10,0.0498453229927,-0.0160192257673,0.0119139174398,0.0294914637582,-0.987402370333,-0.12708452564,4.92410573289,-55.3108079176,5.88105353626,-0.000181558861442,-0.00869153897024,-0.00204391430576
1.07,floor,hammer,3,0.270270850011,-0.0456119450025,-5.75745931524e-05,0.0,0.0,-0.998619149129,0.0,0.0,5.62186745482,2.3458568278e-06,-1.32409062183e-08,0.0
1.07,floor,RobotiQ 3-Finger Adaptive Gripper[reflex:distal_3],1,0.0502334769652,-0.0264346268909,-3.33417472988e-05,0.0,0.0,-1.0,-0.183303603466,3.60322063823,3.53738178916,0.0,0.0,0.0
1.07,hammer,RobotiQ 3-Finger Adaptive Gripper[reflex:distal_pad_1],6,0.0227876058314,0.012744052161,0.0117937906247,0.0860959085193,0.968560359372,-0.203169067625,-3.0438089761,29.3807013592,-3.79848337857,0.000417371224892,-0.000189927021883,0.000922466376587
1.07,hammer,RobotiQ 3-Finger Adaptive Gripper[reflex:distal_pad_2],6,0.0748841006537,0.0102103230013,0.0133197180833,0.0688011305832,0.961803515702,-0.247260949371,-1.82671669919,25.8736875699,-5.7460022795,-0.000124694618659,0.000136725087639,0.000509982224302
1.07,hammer,RobotiQ 3-Finger Adaptive Gripper[reflex:distal_pad_3],10,0.0498453315198,-0.0160199940303,0.0119136348291,0.0294916143393,-0.987399486094,-0.127106885578,4.87135180718,-55.298637841,5.89457962235,-0.000182157335191,-0.008629959719,-0.00202484685758
1.08,floor,hammer,3,0.270270891186,-0.0456127234553,-5.85081779219e-05,0.0,0.0,-0.998619149129,0.0,0.0,5.67789131633,2.37486184545e-06,-1.34276457228e-08,0.0
1.08,floor,RobotiQ 3-Finger Adaptive Gripper[reflex:distal_3],1,0.0502334788244,-0.0264346622119,-3.37661078904e-05,0.0,0.0,-1.0,-0.181935686402,3.57932999775,3.4841377767,0.0,-2.41760623791e-17,2.48365911014e-17
1.08,hammer,RobotiQ 3-Finger Adaptive Gripper[reflex:distal_pad_1],6,0.022687965709,0.0127610152803,0.0118683407417,0.085110086566,0.969698567961,-0.200197662424,-2.92335573165,29.2900792873,-4.06023956481,0.000463857355042,-0.00117667537336,0.00121431622628
1.08,hammer,RobotiQ 3-Finger Adaptive Gripper[reflex:distal_pad_2],6,0.0748847799287,0.0101973684751,0.0132743753246,0.0681904466285,0.961906307737,-0.247272978525,-1.88518164462,25.9564865479,-5.51852035438,-0.000165740542527,-0.000216851959022,0.000595833544276
1.08,hammer,RobotiQ 3-Finger Adaptive Gripper[reflex:distal_pad_3],10,0.0498453399311,-0.0160207132338,0.0119133575939,0.0294917638963,-0.987396827485,-0.127127489159,4.80922578887,-55.2858868657,5.98243323675,-0.000179879100711,-0.00853240314153,-0.0020048278333
1.09,floor,hammer,3,0.27027093388,-0.0456134348708,-5.94275700439e-05,0.0,0.0,-0.998619149129,0.0,0.0,5.6590288622,2.36511187966e-06,-1.33640511375e-08,0.0
1.09,floor,RobotiQ 3-Finger Adaptive Gripper[reflex:distal_3],1,0.0502334806424,-0.0264346974354,-3.41572909159e-05,0.0,0.0,-1.0,-0.178491212232,3.56158318686,3.50300086408,-1.21534756706e-17,0.0,-6.1926579223e-19
1.09,hammer,RobotiQ 3-Finger Adaptive Gripper[reflex:distal_pad_1],6,0.0227976532372,0.0127423949801,0.0118059433485,0.086483424476,0.968503557205,-0.203316776766,-3.18526770026,29.2942398642,-4.02116335216,0.000447474973751,-0.000252584864045,0.000931525187768
1.09,hammer,RobotiQ 3-Finger Adaptive Gripper[reflex:distal_pad_2],6,0.0748577389258,0.0101958548995,0.0132713914955,0.0654483462626,0.962189868483,-0.245560438538,-1.53722203611,25.935341831,-5.56006213383,-0.00020654593075,-0.00102571870017,0.000796231183509
1.09,hammer,RobotiQ 3-Finger Adaptive Gripper[reflex:distal_pad_3],10,0.0498453480903,-0.016021395201,0.0119130940994,0.0294919580877,-0.987394333199,-0.127146797415,4.72322559958,-55.2643159232,5.96490337248,-0.00018961968227,-0.00813936508633,-0.00192055344757
1.1,floor,hammer,3,0.270271000538,-0.0456139054659,-6.0303481639e-05,0.0,0.0,-0.998619149129,0.0,0.0,5.73350291362,2.40457428228e-06,-1.36203115666e-08,0.0
1.1,floor,RobotiQ 3-Finger Adaptive Gripper[reflex:distal_3],1,0.0502334824151,-0.0264347325101,-3.45455520373e-05,0.0,0.0,-1.0,-0.308676004816,3.4199982789,3.47290641762,0.0,0.0,0.0
1.1,hammer,RobotiQ 3-Finger Adaptive Gripper[reflex:distal_pad_1],6,0.0227977404696,0.0127410526958,0.0118062952753,0.0864835129846,0.968505403963,-0.20330978689,-3.94139635034,29.2484912725,-4.12010190786,0.00054051608926,0.000872874289993,0.000504134877986
1.1,hammer,RobotiQ 3-Finger Adaptive Gripper[reflex:distal_pad_2],6,0.074762935723,0.0102216662639,0.0133395593474,0.0651578913219,0.963636993197,-0.241700212373,-1.33721694717,25.9261787375,-5.63142515985,-0.000185954856068,-0.00197476593568,0.001085356989
1.1,hammer,RobotiQ 3-Finger Adaptive Gripper[reflex:distal_pad_3],9,0.049927033265,-0.0160282032527,0.0119124948307,0.0179020210768,-0.986892887413,-0.129879688996,5.27958100539,-55.1281570721,6.17391530048,-0.000306000754315,-0.00549245662349,-0.0013568071264
1.11,floor,hammer,3,0.270271070405,-0.0456144660659,-6.11649605766e-05,0.0,0.0,-0.998619149129,0.0,0.0,5.63496369696,2.35274356677e-06,-1.3280703906e-08,0.0
1.11,floor,RobotiQ 3-Finger Adaptive Gripper[reflex:distal_3],1,0.0502334842406,-0.0264347677279,-3.49044922445e-05,0.0,0.0,-1.0,-0.187892594239,3.54351712427,3.53272625004,0.0,0.0,0.0
1.11,hammer,RobotiQ 3-Finger Adaptive Gripper[reflex:distal_pad_1],6,0.0227978287239,0.0127396204714,0.0118066915335,0.0864836027775,0.968507295399,-0.203302815498,-3.95137125635,29.2574223301,-4.10680192799,0.00061855369377,0.00015517067072,0.000816652040658
1.11,hammer,RobotiQ 3-Finger Adaptive Gripper[reflex:distal_pad_2],6,0.0749094992475,0.0102085090657,0.0132670208746,0.0594374177009,0.971953299556,-0.207203252765,-0.676215400133,25.9611472918,-5.46764733005,0.000347109400437,0.00148882883454,0.000400299474528
1.11,hammer,RobotiQ 3-Finger Adaptive Gripper[reflex:distal_pad_3],10,0.0498453656375,-0.0160226149877,0.0119124339829,0.0294929463925,-0.98739026355,-0.127178059873,4.62816162286,-55.2377233042,5.9286574619,-0.000210240800825,-0.00751206127612,-0.00180284311339
1.12,floor,hammer,3,0.270271162266,-0.0456152556081,-6.20314179955e-05,0.0,0.0,-0.998619149129,0.0,0.0,5.68798195933,2.38127740599e-06,-1.34669273884e-08,0.0
1.12,floor,RobotiQ 3-Finger Adaptive Gripper[reflex:distal_3],1,0.050233486065,-0.0264348027089,-3.52178799e-05,0.0,0.0,-1.0,-0.184581845307,3.60898348944,3.4851351181,0.0,0.0,0.0
1.12,hammer,RobotiQ 3-Finger Adaptive Gripper[reflex:distal_pad_1],6,0.0227248401504,0.0127434571083,0.0118341282624,0.0909623653055,0.968686255608,-0.202967924093,-3.9495888576,29.1344344015,-4.43270851782,0.000876308826498,0.00270511420624,-0.000157261214444
1.12,hammer,RobotiQ 3-Finger Adaptive Gripper[reflex:distal_pad_2],6,0.0749095147965,0.010206798481,0.0132676011419,0.0594373169184,0.971951514621,-0.207212346919,-0.636253273421,26.1281950263,-5.03962699526,0.000357360180755,0.00129139446369,0.000382065959501
1.12,hammer,RobotiQ 3-Finger Adaptive Gripper[reflex:distal_pad_3],9,0.0499270407239,-0.016029911202,0.0119117823434,0.0179028694597,-0.986889360067,-0.129905328449,4.58640874966,-55.2692186646,5.87580000871,-0.000390340130277,-0.00486253386438,-0.00116853906609
1.13,floor,hammer,3,0.270271219931,-0.045615747308,-6.284212054e-05,0.0,0.0,-0.998619149129,0.0,0.0,5.66540273913,2.36852013489e-06,-1.3378875654e-08,0.0
1.13,floor,RobotiQ 3-Finger Adaptive Gripper[reflex:distal_3],1,0.050233487744,-0.0264348377784,-3.55427195357e-05,0.0,0.0,-1.0,-0.180629954701,3.51669427042,3.49908374531,1.21398854348e-17,0.0,6.26686045768e-19
1.13,hammer,RobotiQ 3-Finger Adaptive Gripper[reflex:distal_pad_1],6,0.0228328047319,0.0127340436467,0.0118090757458,0.0845152845505,0.968429933043,-0.20344027299,-4.01887643954,29.1978782128,-4.23731281211,0.000657997718891,-0.000924943954162,0.00112036557563
1.13,hammer,RobotiQ 3-Finger Adaptive Gripper[reflex:distal_pad_2],6,0.0749095326891,0.0102055871632,0.0132679791867,0.0594371858556,0.971949930543,-0.207220320816,-0.394136078608,25.9990588218,-5.3625351826,0.000340329081992,0.0012252273391,0.000448318927034
1.13,hammer,RobotiQ 3-Finger Adaptive Gripper[reflex:distal_pad_3],10,0.0498453860152,-0.0160239797206,0.0119117998005,0.0294939960332,-0.987386204071,-0.127209210752,4.41365318055,-55.2169902392,5.98475993667,-0.000201974532922,-0.00721313514485,-0.00174671010448
1.14,floor,hammer,3,0.270271272573,-0.0456161509143,-6.36343064926e-05,0.0,0.0,-0.998619149129,0.0,0.0,5.67506427793,2.37352812364e-06,-1.34095551385e-08,0.0
1.14,floor,RobotiQ 3-Finger Adaptive Gripper[reflex:distal_3],1,0.0502334895404,-0.0264348723959,-3.58481192436e-05,0.0,0.0,-1.0,-0.179510154365,3.50804351965,3.48991500163,0.0,2.421614993e-17,-2.43419417931e-17
1.14,hammer,RobotiQ 3-Finger Adaptive Gripper[reflex:distal_pad_1],6,0.0228328561799,0.0127328965925,0.0118098583398,0.0845153503632,0.96843165121,-0.203433656597,-4.02096055239,29.1710012711,-4.30110735063,0.000668891764567,-0.000915913557815,0.00111770569732
1.14,hammer,RobotiQ 3-Finger Adaptive Gripper[reflex:distal_pad_2],6,0.0749095500093,0.0102045040245,0.013268313348,0.0594370483069,0.971948462825,-0.207227709059,-0.353408432463,26.0210249145,-5.3044547473,0.000333733631216,0.0012001691623,0.000451511938568
1.14,hammer,RobotiQ 3-Finger Adaptive Gripper[reflex:distal_pad_3],10,0.0498453934304,-0.0160244765234,0.0119115337032,0.0294943814087,-0.987384490327,-0.127222378541,4.37496892438,-55.2094546127,5.99902721148,-0.000197083852641,-0.00713909311608,-0.00173552214914
1.15,floor,hammer,3,0.270271326553,-0.0456165056567,-6.44059482858e-05,0.0,0.0,-0.998619149129,0.0,0.0,5.70777126393,2.39047237425e-06,-1.3517225708e-08,0.0
1.15,floor,RobotiQ 3-Finger Adaptive Gripper[reflex:distal_3],1,0.0502334913854,-0.0264349071141,-3.61355390563e-05,0.0,0.0,-1.0,-0.199737582259,3.50853754371,3.46652672064,-1.20269305648e-17,0.0,-6.92978945959e-19
1.15,hammer,RobotiQ 3-Finger Adaptive Gripper[reflex:distal_pad_1],6,0.022702234354,0.0127483428531,0.0118678633355,0.0827074785736,0.969398858584,-0.198916671037,-3.94877728736,29.0996278093,-4.51790687577,0.000859711717423,-0.00103163185515,0.00121093447976
1.15,hammer,RobotiQ 3-Finger Adaptive Gripper[reflex:distal_pad_2],6,0.0749095656077,0.0102034769898,0.0132686288514,0.0594369049458,0.971947081453,-0.207234678038,-0.551071165171,26.1078664289,-5.0888080491,0.000322140164292,0.00142141702576,0.000391178148364
1.15,hammer,RobotiQ 3-Finger Adaptive Gripper[reflex:distal_pad_3],10,0.0498454010202,-0.01602493474,0.0119112613863,0.02949478285,-0.987382968876,-0.127234046069,4.50000907559,-55.212056093,6.02683666557,-0.000196212291259,-0.00697419369192,-0.0017069096976
1.16,floor,hammer,3,0.270271381985,-0.0456168243712,-6.51336941134e-05,0.0,0.0,-0.998619149129,0.0,0.0,5.67011424759,2.37106051241e-06,-1.33907814872e-08,0.0
1.16,floor,RobotiQ 3-Finger Adaptive Gripper[reflex:distal_3],1,0.0502334932781,-0.0264349422437,-3.64297691922e-05,0.0,0.0,-1.0,-0.183278155927,3.52065210996,3.50631847614,0.0,0.0,0.0
1.16,hammer,RobotiQ 3-Finger Adaptive Gripper[reflex:distal_pad_1],6,0.0228703453079,0.0127324144375,0.0118669041389,0.0747866180126,0.970514298385,-0.198664817539,-4.0825314764,29.1544428853,-4.38595910011,0.000795679554177,-0.0019257149179,0.00105756801372
1.16,hammer,RobotiQ 3-Finger Adaptive Gripper[reflex:distal_pad_2],6,0.0749095823787,0.0102025170391,0.0132688883249,0.05943679682,0.971945797878,-0.20724115881,-0.412802756771,26.0612069336,-5.19881179401,0.000325523715267,0.00131334969484,0.000417144005985
1.16,hammer,RobotiQ 3-Finger Adaptive Gripper[reflex:distal_pad_3],10,0.0498454085028,-0.0160253407663,0.01191094382,0.0294951673266,-0.987381742167,-0.12724342973,4.49533426902,-55.2158368748,5.96446415791,-0.000188109906424,-0.00703692139069,-0.00171355246741
1.17,floor,hammer,3,0.270271451129,-0.0456173344348,-6.5854071056e-05,0.0,0.0,-0.998619149129,0.0,0.0,5.73298682171,2.40472224058e-06,-1.36107509101e-08,0.0
1.17,floor,RobotiQ 3-Finger Adaptive Gripper[reflex:distal_3],1,0.0502334954431,-0.0264349771907,-3.66991314567e-05,0.0,0.0,-1.0,-0.228948386942,3.67699482307,3.43496490548,0.0,0.0,0.0
1.17,hammer,RobotiQ 3-Finger Adaptive Gripper[reflex:distal_pad_1],6,0.0228352823022,0.0127257581519,0.0117980499871,0.0820583280327,0.968375857336,-0.202111045315,-3.19422847288,29.1112429228,-4.41679409107,0.000612039124412,-0.00138107332652,0.00118666137872
1.17,hammer,RobotiQ 3-Finger Adaptive Gripper[reflex:distal_pad_2],6,0.0744800391045,0.0102673715284,0.0134147896658,0.0895004160341,0.96272139702,-0.238202441816,-1.8824295711,26.2131834314,-4.95390443283,0.000153999703039,0.00459368448138,-0.000377414902933
1.17,hammer,RobotiQ 3-Finger Adaptive Gripper[reflex:distal_pad_3],9,0.0499270579416,-0.0160328562818,0.0119102979435,0.0179044146883,-0.986882597649,-0.129954576878,5.07698570549,-55.3272649862,5.81652048061,-0.000360418495353,-0.00573275312281,-0.00130606759573
1.18,floor,hammer,3,0.270271538656,-0.0456181770716,-6.65831081733e-05,0.0,0.0,-0.998619149129,0.0,0.0,5.75521928002,2.41583426815e-06,-1.36798337285e-08,0.0
1.18,floor,RobotiQ 3-Finger Adaptive Gripper[reflex:distal_3],1,0.0502334972408,-0.0264350126438,-3.69228242714e-05,0.0,0.0,-1.0,-0.169414134195,3.5904536303,3.4050980444,0.0,0.0,0.0
1.18,hammer,RobotiQ 3-Finger Adaptive Gripper[reflex:distal_pad_1],6,0.0228353634308,0.0127240212729,0.0117986533013,0.0820583852845,0.968377623605,-0.202105496139,-3.04920913906,29.067292129,-4.52309308355,0.000689813102848,-0.00229259624698,0.00152454239589
1.18,hammer,RobotiQ 3-Finger Adaptive Gripper[reflex:distal_pad_2],6,0.0747721868015,0.0102102811837,0.0133372554803,0.0658938939597,0.963348033948,-0.241417434478,-1.73602714305,26.1815194341,-4.96599644365,-0.000205590323579,-0.00240353480158,0.00130763475581
1.18,hammer,RobotiQ 3-Finger Adaptive Gripper[reflex:distal_pad_3],9,0.0500979566424,-0.0160154010386,0.0118847051554,0.0303418445844,-0.987509664629,-0.124189828738,4.78598518037,-55.2683465667,5.96256962425,-0.000389052107631,-0.000137810194265,-0.000351458105028
1.19,floor,hammer,3,0.270271701412,-0.0456174465848,-6.67847508303e-05,0.0,0.0,-0.998619149129,0.0,0.0,4.61742323344,1.81630500349e-06,-9.79655967027e-09,0.0
1.19,floor,RobotiQ 3-Finger Adaptive Gripper[reflex:distal_3],1,0.0502334997926,-0.0264350562638,-3.36642327851e-05,0.0,0.0,-1.0,0.0077798902248,4.53584427637,0.0,0.0,0.0,0.0
1.19,hammer,RobotiQ 3-Finger Adaptive Gripper[reflex:distal_pad_1],6,0.0229822362686,0.0127186922862,0.0119200962219,0.0766562005955,0.973491572535,-0.193537944487,-4.12371272797,31.0538317875,0.672566955042,-0.000257240541895,0.000181329080793,3.92063303691e-05
1.19,hammer,RobotiQ 3-Finger Adaptive Gripper[reflex:distal_pad_2],6,0.0744902904147,0.0102641782463,0.0134335816891,0.0927807530789,0.965665451414,-0.226450460328,-3.83209049508,24.4220711241,-9.3361879038,-1.20871539785e-05,-0.0016516971612,0.0009630726999
1.19,hammer,RobotiQ 3-Finger Adaptive Gripper[reflex:distal_pad_3],9,0.0499270706622,-0.0160348835699,0.0119133335675,0.0179070542172,-0.986877858136,-0.129988592767,7.95813968013,-55.4492542109,3.97777907523,-0.000300296583595,-0.0028401062462,-0.00113224599329
1.2,floor,hammer,3,0.270272279993,-0.0456126449827,-6.69264654321e-05,0.0,0.0,-0.998619149129,0.0,0.0,4.74773394389,1.88717616047e-06,-1.0202857193e-08,0.0
1.2,floor,RobotiQ 3-Finger Adaptive Gripper[reflex:distal_3],1,0.0502334978296,-0.0264351008525,-2.82011316298e-05,0.0,0.0,-1.0,0.248758564178,4.51245098064,0.0,0.0,0.0,0.0
1.2,hammer,RobotiQ 3-Finger Adaptive Gripper[reflex:distal_pad_1],6,0.0223743192069,0.0128129227336,0.0120771949787,0.108320437704,0.968614818138,-0.189220531745,-3.65869064151,30.6136602895,-0.529720234573,0.000287607715578,0.000425841578822,0.000902358648953
1.2,hammer,RobotiQ 3-Finger Adaptive Gripper[reflex:distal_pad_2],6,0.0749616701979,0.0102007374033,0.0133093219952,0.0612721408994,0.971785155205,-0.207734915124,-4.11538494428,24.8227041881,-8.21529011685,0.000600633200534,0.0043873634837,-0.000450769224942
1.2,hammer,RobotiQ 3-Finger Adaptive Gripper[reflex:distal_pad_3],9,0.0500112963216,-0.0160305709714,0.0118728712028,0.0146454853831,-0.986318547248,-0.131183543865,7.77354706571,-55.4454993462,4.18071107138,-0.00045693022903,0.000535711678402,-0.000643003261877
1.21,floor,hammer,3,0.270276316478,-0.0456317636407,-6.5962617768e-05,0.0,0.0,-0.998619149129,0.0,0.0,2.3359712132,8.6187560994e-07,-4.26846137948e-09,0.0
1.21,hammer,RobotiQ 3-Finger Adaptive Gripper[reflex:distal_pad_1],6,0.0230854488161,0.0126432098686,0.0120748619429,0.0668915389663,0.97153752977,-0.197740750084,-4.5732245118,32.8859911011,7.74863192372,-0.000427951961401,0.0122133437878,-0.00107024930759
1.21,hammer,RobotiQ 3-Finger Adaptive Gripper[reflex:distal_pad_2],6,0.0749126735171,0.0101151670102,0.013431961225,0.0685862237094,0.962077363901,-0.245206358566,-4.72826784542,19.318451618,-19.8797890464,-0.00039039871761,-0.000784636828978,-0.000102133891663
1.21,hammer,RobotiQ 3-Finger Adaptive Gripper[reflex:distal_pad_3],10,0.0499552326696,-0.0161254595224,0.0119805708771,0.0106654095874,-0.985795106084,-0.135068000901,9.33019353681,-51.2802770367,4.43261963373,0.000813063728599,0.0146787387839,0.000841609438633
1.22,floor,hammer,3,0.27028699665,-0.0456971853287,-6.51065046104e-05,0.0,0.0,-0.998619149129,0.0,0.0,2.9765219201,1.15651331142e-06,-5.91942937847e-09,0.0
1.22,hammer,RobotiQ 3-Finger Adaptive Gripper[reflex:distal_pad_1],7,0.0229117805754,0.0123904802575,0.0122339720501,0.0629061992448,0.97487358567,-0.191937274245,-4.83774512361,32.5983030757,8.09742898687,-9.17519086524e-05,0.0104894624634,-0.000943263547533
1.22,hammer,RobotiQ 3-Finger Adaptive Gripper[reflex:distal_pad_2],6,0.0748254368622,0.00993910382136,0.0137205151425,0.0688121144526,0.965863481352,-0.234984883275,-4.99111496978,19.3911464567,-18.976062366,-6.6781371807e-06,0.00162012111578,-0.000798312145716
1.22,hammer,RobotiQ 3-Finger Adaptive Gripper[reflex:distal_pad_3],9,0.0499699952927,-0.0163097440487,0.0120965831545,0.0298296465766,-0.987285391971,-0.125685924722,9.85324290972,-51.4918765894,4.17025603658,0.00115760134421,0.00118822136841,0.000370521382273
1.23,floor,hammer,3,0.270300439259,-0.0457816902877,-6.31210177216e-05,0.0,0.0,-0.998619149129,0.0,0.0,0.520867230983,1.59919820442e-18,-1.04946191025e-17,0.0
1.23,hammer,RobotiQ 3-Finger Adaptive Gripper[reflex:distal_pad_1],6,0.0227470552018,0.0120579315922,0.0123380718343,0.074266385256,0.976944762476,-0.152919671058,-4.73543232612,33.762292257,12.9053153709,-5.61268932166e-05,0.00185046713751,-0.000681428008835
1.23,hammer,RobotiQ 3-Finger Adaptive Gripper[reflex:distal_pad_2],6,0.0745910558954,0.00964252519218,0.0139126789185,0.0817352025052,0.955923232785,-0.254584523984,-5.35556436786,17.8930675056,-21.0797668218,-0.000436455127457,0.00420948731189,-0.00120623528535
1.23,hammer,RobotiQ 3-Finger Adaptive Gripper[reflex:distal_pad_3],9,0.0496585352669,-0.0166290412857,0.0124238058093,0.0287770237946,-0.987184671771,-0.11711571384,10.0895318855,-50.9401927222,-0.840572159907,0.000292344974975,0.0213567733088,0.00141100951642
1.24,floor,hammer,3,0.270313683488,-0.045869354074,-6.15781777522e-05,0.0,0.0,-0.998619149129,-0.0650190027757,0.0650190027757,1.69623893544,1.6671086861e-06,1.38021503111e-06,4.90839477223e-06
1.24,hammer,RobotiQ 3-Finger Adaptive Gripper[reflex:distal_pad_1],6,0.0234870784013,0.0116377925301,0.01272607275,0.0364052493221,0.976251914804,-0.157919595384,-6.68383314669,32.9040900166,11.3241583724,-0.000244266914104,-0.00562534829762,-0.00121275960415
1.24,hammer,RobotiQ 3-Finger Adaptive Gripper[reflex:distal_pad_2],6,0.0748154212061,0.00931388978853,0.0144253593393,0.070225316334,0.963712186212,-0.23999245323,-5.87211878573,18.3508849668,-19.3330244641,-9.3109455239e-05,0.00253926091269,-0.00092435439901
1.24,hammer,RobotiQ 3-Finger Adaptive Gripper[reflex:distal_pad_3],10,0.0495913226881,-0.0169722428014,0.0127651020211,0.0370238278963,-0.987735022806,-0.115354798334,12.4455713099,-51.5117789796,0.413205542925,-0.000469125850232,0.0201885253779,0.00226669104195
1.25,floor,hammer,2,0.270324932481,-0.0457898807719,-5.95588616517e-05,0.0,0.0,-0.997928723693,0.0,0.0,0.0,0.0,0.0,0.0
1.25,hammer,RobotiQ 3-Finger Adaptive Gripper[reflex:distal_pad_1],6,0.0227170697881,0.0113637888171,0.0135510576517,0.0795786330081,0.968265868672,-0.200003299476,-6.48511399743,32.1154175674,9.96133524381,-2.52700755895e-05,0.00601891457152,-0.000150987025093
1.25,hammer,RobotiQ 3-Finger Adaptive Gripper[reflex:distal_pad_2],6,0.0746931627261,0.00893927816416,0.0147183981112,0.0580325790484,0.969253912209,-0.216610677611,-6.0705322194,18.6015876248,-17.8991656722,0.00076525835335,0.00482421879101,-0.000671373328
1.25,hammer,RobotiQ 3-Finger Adaptive Gripper[reflex:distal_pad_3],9,0.0499667155244,-0.0173089002547,0.0131616137295,0.00267133414938,-0.987297364942,-0.116604483266,12.5336219216,-51.5791455778,-1.54021591726,0.000234848703168,0.0264702306899,0.00157633171517
1.26,floor,hammer,2,0.270329780479,-0.0458498516425,-5.13551532872e-05,0.0,0.0,-0.997928723693,-0.0161630107454,0.0161630107454,1.07988204292,1.55785514186e-07,-2.63656727547e-08,-7.66283242843e-07
1.26,hammer,RobotiQ 3-Finger Adaptive Gripper[reflex:distal_pad_1],7,0.0228733539757,0.0109615466707,0.0140067897309,0.0715059914066,0.975900023534,-0.141089948149,-7.05630488214,33.4680994219,13.7683225905,-0.000957084158806,-0.00888933915887,-0.00203306669748
1.26,hammer,RobotiQ 3-Finger Adaptive Gripper[reflex:distal_pad_2],6,0.0748920257719,0.00859803725437,0.015184010703,0.0574772378485,0.962491995232,-0.233962008454,-6.58439364175,17.2215044681,-20.4740632114,-0.000170679882953,0.00644754822999,-0.000609062142831
1.26,hammer,RobotiQ 3-Finger Adaptive Gripper[reflex:distal_pad_3],9,0.0500555657048,-0.0176396005967,0.013686160181,-0.00292395972582,-0.990510120761,-0.105841673837,13.6092281096,-51.8335663875,-1.25040143983,0.000405331763888,0.0277936109977,0.0017948757604
1.27,floor,hammer,2,0.270329649097,-0.0458877858893,-2.05552990003e-05,0.0,0.0,-0.997928723693,0.0,0.0,0.0,0.0,0.0,0.0
1.27,hammer,RobotiQ 3-Finger Adaptive Gripper[reflex:distal_pad_1],7,0.0230172422832,0.0106299184814,0.0148367919653,0.0626209788731,0.97095666182,-0.201175864739,-7.53593676179,32.4860625413,11.1386521225,-0.00020091342778,0.00315777881784,-0.000440182181861
1.27,hammer,RobotiQ 3-Finger Adaptive Gripper[reflex:distal_pad_2],6,0.0743363231251,0.0083372598745,0.015771696011,0.0777706892397,0.957742507934,-0.250796191857,-6.49503521074,17.4415919109,-19.5132827221,-0.00014132971332,0.00674810281178,0.000273648869011
1.27,hammer,RobotiQ 3-Finger Adaptive Gripper[reflex:distal_pad_3],8,0.0499124935599,-0.01793152668,0.0141661040985,0.0112170008255,-0.988095127631,-0.108379945297,13.9923813007,-51.61767171,-1.13185441486,-0.000713061625724,0.0303505412585,0.00125970195372
1.28,floor,hammer,2,0.270322239641,-0.0458894875845,-1.17227325017e-05,0.0,0.0,-0.997928723693,0.273544655759,-0.273621878289,1.76806881517,1.13902711381e-06,6.07287778553e-07,2.34405714148e-05
1.28,hammer,RobotiQ 3-Finger Adaptive Gripper[reflex:distal_pad_1],7,0.022915386042,0.0103080866612,0.015366967438,0.0498366168288,0.972034682151,-0.184665757379,-8.37928547116,33.2757877305,13.5388590379,-0.00016230797437,-0.00542322128725,-0.00100762005752
1.28,hammer,RobotiQ 3-Finger Adaptive Gripper[reflex:distal_pad_2],6,0.0752133006413,0.00807158064364,0.0164302579832,0.0502078325643,0.963377627684,-0.228919261555,-7.52441166346,17.1056358621,-19.7616438294,-0.000421563515543,0.00678561891548,-0.00105125374462
1.28,hammer,RobotiQ 3-Finger Adaptive Gripper[reflex:distal_pad_3],8,0.0499475811347,-0.0181856788118,0.0148190065215,0.0120766753826,-0.988077464112,-0.108814660832,16.1789098194,-51.8407396585,-0.805895576143,-0.00100919838192,0.0284911502236,0.0023891839639
1.29,hammer,RobotiQ 3-Finger Adaptive Gripper[reflex:distal_pad_1],7,0.0232438416278,0.0100955680092,0.0161515394345,0.0465019312125,0.977082888477,-0.124417352844,-8.75810640206,34.2154583656,16.5693900473,-0.000806591493864,-0.00266417851397,-4.66247824057e-05
1.29,hammer,RobotiQ 3-Finger Adaptive Gripper[reflex:distal_pad_2],6,0.0744876646974,0.00795788489243,0.0172347987568,0.0856495864053,0.967924151694,-0.209748574878,-7.44345702032,17.7851503754,-17.9711256151,0.000481847489602,0.00715619796306,-0.00196278772796
1.29,hammer,RobotiQ 3-Finger Adaptive Gripper[reflex:distal_pad_3],9,0.0496614617889,-0.018371073375,0.0154627176517,0.0420593610711,-0.989085084393,-0.107057365014,16.2198317214,-50.5249971321,-6.97179508185,-0.000657492060903,0.0249763175306,0.00295863781026
1.3,floor,hammer,1,0.270285167671,-0.0456751973271,-4.45893091373e-06,0.0,0.0,-0.995857447386,0.516658865947,-0.518808055614,2.8731539866,-1.99365106826e-17,0.0,3.58504105532e-18
1.3,hammer,RobotiQ 3-Finger Adaptive Gripper[reflex:distal_pad_1],7,0.0226036564914,0.00993143475608,0.0169456036413,0.0857755872059,0.97374667126,-0.153570243043,-8.71509434248,33.6087997255,14.7016567339,-0.000857590368525,0.00159465154932,-0.000329473471345
1.3,hammer,RobotiQ 3-Finger Adaptive Gripper[reflex:distal_pad_2],6,0.0750514938019,0.00773488458254,0.0177356309078,0.0712425839427,0.964352839529,-0.222372061925,-8.40143305025,16.8321099612,-20.3911858541,-0.000668376187388,-0.00316799646653,0.000737632147915
1.3,hammer,RobotiQ 3-Finger Adaptive Gripper[reflex:distal_pad_3],9,0.0496956091176,-0.0185590708015,0.0160749264879,0.0320385496118,-0.989830035593,-0.104425548732,17.7257860523,-52.2369658043,-0.199292178333,-0.00130864837077,0.0244786256322,0.00315619982797
1.31,hammer,RobotiQ 3-Finger Adaptive Gripper[reflex:distal_pad_1],6,0.0227366431748,0.00987283912868,0.0180769097172,0.0763149754027,0.970449305484,-0.200078525386,-8.77647123168,32.7015953051,11.8655012969,-0.000920035359494,0.0019394113429,-0.000371031744778
1.31,hammer,RobotiQ 3-Finger Adaptive Gripper[reflex:distal_pad_2],6,0.0752366847239,0.00760903026607,0.0182947956422,0.0527108326109,0.974269295106,-0.179862394231,-8.03107336121,17.9905580042,-18.0577179749,0.000277006904161,0.0151876418536,-0.00245820755979
1.31,hammer,RobotiQ 3-Finger Adaptive Gripper[reflex:distal_pad_3],9,0.0494958866815,-0.0186769131317,0.0168376858235,0.0484409474029,-0.988837102884,-0.110190485675,16.7913449597,-51.6896085511,-1.7170561533,-0.000967735706045,0.0276770860644,0.00303038792191
1.32,floor,hammer,1,0.270212620614,-0.0455449443626,-4.03282715911e-06,0.0,0.0,-0.995857447386,0.393561915009,-0.395199047857,3.93033954516,0.0,0.0,0.0
1.32,hammer,RobotiQ 3-Finger Adaptive Gripper[reflex:distal_pad_1],6,0.0226904753035,0.00972604219956,0.0185177861817,0.0680180164196,0.974967808591,-0.189662250688,-8.14856631747,32.3462945716,10.9591851173,0.000696619816206,0.0140914436414,-0.00189575142087
1.32,hammer,RobotiQ 3-Finger Adaptive Gripper[reflex:distal_pad_2],6,0.0754707926051,0.00763420955491,0.0191710363229,0.0422791865056,0.971135635675,-0.196443610965,-7.83097357871,20.5855823267,-18.7418743048,0.0013199718946,0.0255778314134,-0.00468411433647
1.32,hammer,RobotiQ 3-Finger Adaptive Gripper[reflex:distal_pad_3],10,0.0497819869893,-0.0186903289056,0.0174980258346,0.0260838639497,-0.988978200767,-0.112056339571,16.4229497194,-52.7273408284,3.27163801788,-0.000255834369613,0.0274667550864,0.00252441101448
1.33,floor,hammer,2,0.270165139877,-0.0456253835748,-2.75036550195e-06,0.0,0.0,-0.997928723693,0.257414486026,-0.257714384945,3.04565257737,1.24172428412e-06,2.18944366306e-07,1.41426571244e-05
1.33,hammer,RobotiQ 3-Finger Adaptive Gripper[reflex:distal_pad_1],6,0.0229965607037,0.00972959496992,0.0195155852265,0.06375794235,0.968104193763,-0.219171849555,-8.6255015684,32.1997619629,10.0474247798,-0.000466021766572,0.00401756465895,-0.000529014230408
1.33,hammer,RobotiQ 3-Finger Adaptive Gripper[reflex:distal_pad_2],6,0.0750370011848,0.00759247834101,0.0196530490181,0.0661083438867,0.967723379385,-0.201315832103,-8.23692071896,17.6998091366,-19.0362179677,-0.000457258955557,0.000763150834933,-0.000208011822741
1.33,hammer,RobotiQ 3-Finger Adaptive Gripper[reflex:distal_pad_3],10,0.0497547932835,-0.0187033181464,0.018231725227,0.0263358197968,-0.988708759151,-0.113838127122,17.1627147753,-50.5316424633,2.81105282764,-0.000239255353351,0.0277167806307,0.00257809051569
1.34,floor,hammer,2,0.270110977361,-0.0455502502116,-4.59482963773e-06,0.0,0.0,-0.997928723693,0.534155383738,-0.535079247913,4.27067289158,1.58141261224e-06,1.37712032752e-07,9.72755717656e-06
1.34,hammer,RobotiQ 3-Finger Adaptive Gripper[reflex:distal_pad_1],7,0.0226813380462,0.0097031112339,0.020199431523,0.0574175690507,0.973209492297,-0.199718060402,-6.91924320925,32.4402968295,10.8248651126,-3.41514920598e-05,0.00478576086405,-0.00170001866492
1.34,hammer,RobotiQ 3-Finger Adaptive Gripper[reflex:distal_pad_2],5,0.0751319284362,0.00761197712739,0.0203554963986,0.0507278543854,0.982241424031,-0.136113641254,-5.75870999235,19.7376336807,-17.3291667133,0.0012569183056,0.0233975591324,-0.00378133269211
1.34,hammer,RobotiQ 3-Finger Adaptive Gripper[reflex:distal_pad_3],10,0.04979156426,-0.0187082458555,0.0189905578052,0.0269363884212,-0.989004510684,-0.112432535766,13.1968973823,-52.0673934701,2.46175134859,-0.00010960999244,0.0243061579708,0.00259838429924
1.35,floor,hammer,2,0.270053454014,-0.0454791709167,-5.76786292019e-06,0.0,0.0,-0.997928723693,0.0225338683953,-0.0225338683953,2.45458960183,8.56141745077e-07,4.06687553546e-08,3.14087980709e-06
1.35,hammer,RobotiQ 3-Finger Adaptive Gripper[reflex:distal_pad_1],6,0.0227770484575,0.00964277307451,0.0208747863842,0.0685587573989,0.973725331201,-0.196720037823,-8.55610568648,32.3076969509,10.6238300476,0.000403292098458,0.0111782097464,-0.00143800356724
1.35,hammer,RobotiQ 3-Finger Adaptive Gripper[reflex:distal_pad_2],6,0.0750373637377,0.00769342739971,0.021508569381,0.0603065999641,0.970274650157,-0.207448181657,-2.0091132646,18.6575996547,-17.5523016907,0.000952656289699,0.015475946628,-0.00256260545724
1.35,hammer,RobotiQ 3-Finger Adaptive Gripper[reflex:distal_pad_3],10,0.0495032065903,-0.0187297309609,0.019776867414,0.0418270959696,-0.989070512645,-0.113039761795,10.646008613,-51.4778520501,0.220145793148,-0.00103452538623,0.0317777623052,0.00432655330966
1.36,floor,hammer,2,0.26999459498,-0.045402531709,-7.71054390847e-06,0.0,0.0,-0.997928723693,0.0564310799778,-0.0564310799778,4.98883298734,1.77725234002e-06,9.24026301846e-08,8.55392229163e-06
1.36,hammer,RobotiQ 3-Finger Adaptive Gripper[reflex:distal_pad_1],6,0.023357084374,0.00964831142855,0.0219187047429,0.0234399563329,0.964594775169,-0.244402769365,-6.71451585575,31.5885901299,8.42741248437,-0.00036854532097,0.00521989104826,-0.000417858077158
1.36,hammer,RobotiQ 3-Finger Adaptive Gripper[reflex:distal_pad_2],6,0.0752540097707,0.00762797611095,0.0219921909948,0.048369148321,0.964528089881,-0.225515576675,-6.05284536088,19.3449562657,-19.0030428155,-0.000408143401453,0.00459346366433,-0.000670124881509
1.36,hammer,RobotiQ 3-Finger Adaptive Gripper[reflex:distal_pad_3],10,0.049829264888,-0.0187181135088,0.0205394634047,0.0267524496137,-0.989243378418,-0.11044529268,12.8806693845,-50.8670955422,6.54276595891,-0.000167009661414,0.0213701062903,0.00219931944637
1.37,floor,hammer,2,0.269933954198,-0.0453114791103,-9.17311545082e-06,0.0,0.0,-0.997928723693,0.129442538975,-0.129442538975,2.76923719341,1.03808628348e-06,1.31931607106e-07,1.71313630677e-05
1.37,hammer,RobotiQ 3-Finger Adaptive Gripper[reflex:distal_pad_1],5,0.022563449635,0.00964349420946,0.022624861819,0.0709697225385,0.966536956412,-0.230362769288,-6.27023492702,31.562034021,8.52631463862,-0.000296312391513,0.00243954571263,-0.000648715136882
1.37,hammer,RobotiQ 3-Finger Adaptive Gripper[reflex:distal_pad_2],6,0.0747394055261,0.00763964816477,0.0226458937311,0.0517847832836,0.979398085654,-0.177973650956,-5.82713527326,20.4166636584,-14.4227552381,0.000138830503165,-0.00138559902914,0.00026459021753
1.37,hammer,RobotiQ 3-Finger Adaptive Gripper[reflex:distal_pad_3],10,0.0496258743327,-0.0186921918443,0.0213556888078,0.0549729656444,-0.985598677697,-0.129756043179,12.2022259151,-51.6467982248,-0.466296708179,-0.00139502757235,0.0299494153691,0.00253512112064
1.38,floor,hammer,2,0.269872352627,-0.0452245304084,-1.13674963093e-05,0.0,0.0,-0.997928723693,0.216964666439,-0.217017881998,4.01742498209,1.48419315245e-06,1.4074493336e-07,2.69626192854e-05
1.38,hammer,RobotiQ 3-Finger Adaptive Gripper[reflex:distal_pad_1],5,0.0230078157744,0.00957023824144,0.0233423429849,0.054511252118,0.96165671626,-0.251803442583,-7.38290698626,31.5333125746,8.16921578534,-0.000398060602472,0.0025317080679,-0.000871828037611
1.38,hammer,RobotiQ 3-Finger Adaptive Gripper[reflex:distal_pad_2],6,0.0748938403419,0.00761345366647,0.0231652056551,0.0703212583557,0.968531855995,-0.195883507926,-7.88318650246,20.2192125388,-14.7140938832,0.000189255367305,0.0121099328793,-0.00157206464685
1.38,hammer,RobotiQ 3-Finger Adaptive Gripper[reflex:distal_pad_3],11,0.0499410871779,-0.0187093517695,0.0220769036446,0.0182044237927,-0.989003474355,-0.110682909704,15.4207042581,-52.0160498428,1.7500109264,-0.000374391925628,0.0254255000619,0.00214063987189
1.39,floor,hammer,2,0.269809126407,-0.0451361189476,-1.26975347099e-05,0.0,0.0,-0.995857447386,0.191874726935,-0.192672884496,2.41594496187,5.85786226596e-08,5.83359575478e-08,2.44268216863e-05
1.39,hammer,RobotiQ 3-Finger Adaptive Gripper[reflex:distal_pad_1],6,0.022695398467,0.00959290440943,0.02419397165,0.0703649005653,0.972227272634,-0.193729002717,-8.38920091999,32.3938037582,11.2463190977,-0.000184652113262,0.00340776592723,-0.000807744515894
1.39,hammer,RobotiQ 3-Finger Adaptive Gripper[reflex:distal_pad_2],6,0.0745485229262,0.00768962003014,0.0241771785175,0.0683868536716,0.975074618374,-0.188787933065,-2.24624306048,19.4021719948,-16.8443736773,2.21365928759e-05,-0.00464446354587,0.000784213820926
1.39,hammer,RobotiQ 3-Finger Adaptive Gripper[reflex:distal_pad_3],10,0.0495234229048,-0.01872288762,0.02281621605,0.0476647806801,-0.988839668246,-0.114289067767,10.8875119611,-51.7044189892,-0.87983317334,-0.00107270064632,0.0263552079722,0.00349345806321
1.4,floor,hammer,2,0.269744459115,-0.045049947546,-1.46934140502e-05,0.0,0.0,-0.997928723693,0.302133189141,-0.302358454979,4.22725738839,1.42051450901e-06,7.0399739253e-09,2.56810939595e-05
1.4,hammer,RobotiQ 3-Finger Adaptive Gripper[reflex:distal_pad_1],6,0.0225621965329,0.00958719395561,0.0250159663073,0.0677868475519,0.970262866105,-0.213731176902,-8.05373816211,32.0327661702,9.78319190041,-0.00038969650812,0.00342352872986,-0.00107036265292
1.4,hammer,RobotiQ 3-Finger Adaptive Gripper[reflex:distal_pad_2],6,0.07525260482,0.00764312052319,0.0247934080551,0.0463414252521,0.965807945433,-0.221286209531,-1.90517683926,18.7899392675,-18.0896270291,-0.000250971091454,0.00980051298123,-0.00146999645162
1.4,hammer,RobotiQ 3-Finger Adaptive Gripper[reflex:distal_pad_3],10,0.0495343744575,-0.0187157224866,0.0236341561635,0.0566559841967,-0.988788614354,-0.112243100885,10.3627785631,-50.9637109524,3.77828506153,-0.00136404522877,0.026904027808,0.00293726195445
1.41,floor,hammer,2,0.269679022063,-0.0449682381325,-1.57703800858e-05,0.0,0.0,-0.996175795794,0.32888362849,-0.330074589977,2.60736147902,6.81342086632e-08,-6.12512258441e-08,2.46389835034e-05
1.41,hammer,RobotiQ 3-Finger Adaptive Gripper[reflex:distal_pad_1],6,0.0226672509705,0.00957692306632,0.0258619678837,0.0628428981383,0.968365771353,-0.223505460724,-8.26250927895,31.8764092479,9.23765003698,-0.000526602752286,0.00314577910745,-0.00057350419076
1.41,hammer,RobotiQ 3-Finger Adaptive Gripper[reflex:distal_pad_2],6,0.0753864062545,0.00767928580501,0.025570510809,0.0381455521985,0.973086734109,-0.188263810778,-3.40398200108,19.4086426459,-16.0924532225,0.000615762973397,0.0203904612236,-0.00285638691163
1.41,hammer,RobotiQ 3-Finger Adaptive Gripper[reflex:distal_pad_3],10,0.0497918921575,-0.0187082509187,0.0242759313079,0.0295274898989,-0.988359189036,-0.111914753348,11.9648894529,-51.8761221836,0.151718569434,-0.00175929874959,0.0422071055357,0.00287784822421
1.42,floor,hammer,2,0.269611924202,-0.0448850948499,-1.76516763122e-05,0.0,0.0,-0.997928723693,0.275224958336,-0.276228886509,4.21563691275,-1.55863440138e-06,-1.48477125566e-07,2.85480109769e-05
1.42,hammer,RobotiQ 3-Finger Adaptive Gripper[reflex:distal_pad_1],6,0.0228532174357,0.00955352835905,0.0266513565919,0.0568000256862,0.968835304915,-0.225251483534,-6.87904219943,31.5672858954,8.58426461321,-0.000553004793804,0.0041994182542,-0.000896027079201
1.42,hammer,RobotiQ 3-Finger Adaptive Gripper[reflex:distal_pad_2],5,0.0749016831524,0.00766357948093,0.0260888400343,0.0667346685436,0.97343269611,-0.190076306118,-2.90184475343,19.0355814944,-16.9602045109,0.000532816887983,0.00510350420051,-0.00070937081834
1.42,hammer,RobotiQ 3-Finger Adaptive Gripper[reflex:distal_pad_3],10,0.0496557123006,-0.0187349714322,0.0250280794829,0.0312614272208,-0.988800513556,-0.108584922706,10.1036823043,-50.8395213333,3.60247164049,-0.00167579556241,0.0400571543809,0.00261170159258
1.43,floor,hammer,2,0.269543987514,-0.0447982969007,-1.86438082011e-05,0.0,0.0,-0.997928723693,0.376811728885,-0.378087058923,2.77620438298,-1.09227102157e-06,-1.92883844811e-07,2.54514792943e-05
1.43,hammer,RobotiQ 3-Finger Adaptive Gripper[reflex:distal_pad_1],6,0.022497800678,0.00953322522464,0.0273556145081,0.0738060793899,0.962164413088,-0.244177235552,-7.51614325417,31.5381885648,8.50854401448,-0.00044670353553,0.00405348250981,-0.000894717507336
1.43,hammer,RobotiQ 3-Finger Adaptive Gripper[reflex:distal_pad_2],6,0.0749520901139,0.00766832115721,0.0266739743168,0.0652334667054,0.976858621766,-0.160913938566,-6.00336378324,20.0520350713,-15.1204420847,0.000862116001174,0.0200316331366,-0.00306474013252
1.43,hammer,RobotiQ 3-Finger Adaptive Gripper[reflex:distal_pad_3],9,0.049764174955,-0.018735952258,0.0257977924307,0.0305346947262,-0.989599086209,-0.103020384659,13.9098259635,-51.6222346311,0.138991478868,-0.000764047293441,0.0248328637901,0.00135534756319
1.44,floor,hammer,2,0.269473997377,-0.0447112591215,-2.04182142528e-05,0.0,0.0,-0.997928723693,0.38938042693,-0.390617246803,3.45543761256,-1.39289798664e-06,-2.44348079427e-07,2.42979547016e-05
1.44,hammer,RobotiQ 3-Finger Adaptive Gripper[reflex:distal_pad_1],6,0.022251488077,0.0095588350693,0.0281809592446,0.0929814470851,0.969418068926,-0.205068996722,-6.64323464658,32.0411082171,10.1790695881,-0.00042426232883,0.00527799862217,-0.00177971873107
1.44,hammer,RobotiQ 3-Finger Adaptive Gripper[reflex:distal_pad_2],5,0.0748566230412,0.00765540487357,0.0273112026415,0.06006689276,0.980571968528,-0.152232962281,-4.60576052407,19.4229604301,-16.2747717596,0.000857790434187,0.0154278442389,-0.00198228154656
1.44,hammer,RobotiQ 3-Finger Adaptive Gripper[reflex:distal_pad_3],10,0.0493354776043,-0.0187440600924,0.0263706567862,0.0512899599523,-0.988478566102,-0.112605857695,11.6005869404,-52.0713153003,0.738280806334,-0.00134188509971,0.0333033825617,0.00350333614887
1.45,floor,hammer,2,0.269403149557,-0.0446228835689,-2.12320545025e-05,0.0,0.0,-0.997928723693,0.0,0.0,2.91550559595,-9.4945248072e-07,-5.78201223171e-09,0.0
1.45,hammer,RobotiQ 3-Finger Adaptive Gripper[reflex:distal_pad_1],6,0.0228907995951,0.00942997181568,0.0287380517537,0.0383854358659,0.965078602889,-0.248234254177,-2.21607556034,31.1541992976,7.62072523307,-0.000194309890755,0.00120001838422,0.000130309234785
1.45,hammer,RobotiQ 3-Finger Adaptive Gripper[reflex:distal_pad_2],5,0.0748675086847,0.00765981685705,0.0279805428677,0.0579706530684,0.981489591621,-0.148749409267,-7.63634858029,20.5516828486,-13.703334192,0.000883044322847,0.0181450999637,-0.00216800101121
1.45,hammer,RobotiQ 3-Finger Adaptive Gripper[reflex:distal_pad_3],10,0.0495476829775,-0.018726761437,0.0269359969412,0.0474651382306,-0.987584214108,-0.124641362702,9.87890944938,-51.813921651,-0.338704960769,-0.00131564849858,0.0261529018385,0.00352457839818
1.46,floor,hammer,2,0.269329950782,-0.0445279745298,-2.30459323423e-05,0.0,0.0,-0.997928723693,0.0,0.0,4.37451545824,-1.46511964576e-06,-9.05321278538e-09,0.0
1.46,hammer,RobotiQ 3-Finger Adaptive Gripper[reflex:distal_pad_1],6,0.0228407490342,0.00948525922226,0.02972140297,0.069921161284,0.961094161986,-0.250596910284,-2.22463772032,30.9388278962,6.92374230652,-0.000387281054573,-0.00431656074465,0.00140042234507
1.46,hammer,RobotiQ 3-Finger Adaptive Gripper[reflex:distal_pad_2],6,0.0756124314343,0.00762512014128,0.028610458281,0.0285981522907,0.969546869314,-0.210081918684,-8.10325759309,21.0607495282,-13.4576121401,0.000279339638265,0.00485827437533,-0.000712457469759
1.46,hammer,RobotiQ 3-Finger Adaptive Gripper[reflex:distal_pad_3],10,0.049626612939,-0.0187155326957,0.0275589968553,0.0329577339007,-0.987319584749,-0.125530067309,10.3317313663,-51.934373384,1.89957028825,-0.00102017987273,0.0292231228729,0.0036116783581
1.47,floor,hammer,2,0.269254472136,-0.0444313617448,-2.38946162925e-05,0.0,0.0,-0.997928723693,0.0188565567104,-0.0189349959273,2.87432376942,-9.64543061454e-07,-4.60536647122e-08,2.34349023287e-06
1.47,hammer,RobotiQ 3-Finger Adaptive Gripper[reflex:distal_pad_1],6,0.0229348197759,0.00952015490295,0.0306295749707,0.0457485172859,0.971868222559,-0.221233842012,-1.64766927118,31.2304435685,8.00369495829,-2.62083001072e-05,0.00684022080633,-0.00114879061341
1.47,hammer,RobotiQ 3-Finger Adaptive Gripper[reflex:distal_pad_2],6,0.0751439685404,0.00769844443687,0.0295458937279,0.051179380606,0.973101326045,-0.191830663046,-7.93255358077,20.1609083703,-13.561986302,0.000663424206847,0.0113590904027,-0.00164882599742
1.47,hammer,RobotiQ 3-Finger Adaptive Gripper[reflex:distal_pad_3],10,0.0495625404414,-0.0187098926249,0.0283212209472,0.0478778377099,-0.987832429428,-0.119997540728,9.52424509632,-51.2924449277,-0.812739268788,-0.00146299782582,0.0275835292494,0.00321801959347
1.48,floor,hammer,2,0.269176735418,-0.0443308819813,-2.5698055873e-05,0.0,0.0,-0.997928723693,0.0,0.0,4.46209445763,-1.48937961609e-06,-9.41288622547e-09,0.0
1.48,hammer,RobotiQ 3-Finger Adaptive Gripper[reflex:distal_pad_1],6,0.0236932065549,0.00949845541725,0.0314852587202,0.0281927080732,0.970203578637,-0.230482742294,-2.62343835913,31.1377501633,7.48465088258,4.01871034053e-07,-0.00320444783946,0.00179683975297
1.48,hammer,RobotiQ 3-Finger Adaptive Gripper[reflex:distal_pad_2],6,0.0756649275721,0.00765647557744,0.030122929028,0.0316223142096,0.96585030907,-0.23415308874,-7.67143015607,20.1689442416,-14.6426291874,9.19533483811e-05,0.00766814382095,-0.00169332981802
1.48,hammer,RobotiQ 3-Finger Adaptive Gripper[reflex:distal_pad_3],9,0.049727936305,-0.0187412790478,0.0291673186834,0.0317292453859,-0.990259735436,-0.102790788176,10.3317285343,-51.4805109392,2.58679550257,-0.00164641881383,0.0306908786469,0.00156734618322
1.49,floor,hammer,2,0.26909672206,-0.0442308735117,-2.6569182255e-05,0.0,0.0,-0.997928723693,0.0366076929894,-0.0367599731121,3.08360015213,-1.09387195599e-06,-1.08423713487e-07,4.54937612775e-06
1.49,hammer,RobotiQ 3-Finger Adaptive Gripper[reflex:distal_pad_1],6,0.0230239403123,0.00950080287156,0.0322557268958,0.0579344875121,0.970622062824,-0.221797910218,-1.88623231971,31.0969478268,7.61224706891,0.000619749656511,0.00257960662652,0.000471230454122
1.49,hammer,RobotiQ 3-Finger Adaptive Gripper[reflex:distal_pad_2],6,0.0752525217983,0.00764619369553,0.0306100061827,0.0434608052016,0.979549671697,-0.141983361547,-7.97955980259,20.1363496001,-14.5388509531,0.000792034885136,0.0206344943109,-0.00191982291392
1.49,hammer,RobotiQ 3-Finger Adaptive Gripper[reflex:distal_pad_3],10,0.0496959355912,-0.0187346994431,0.0296120938934,0.0318196408771,-0.987263381879,-0.123629293518,9.89215274942,-51.9377967908,0.56358773125,-0.00104857139885,0.0299009745494,0.00432460319508
1.5,floor,hammer,2,0.26901296669,-0.0441304692563,-2.83500445158e-05,0.0,0.0,-0.997928723693,0.333549972994,-0.334821116777,4.1420876281,-2.2916079199e-06,-9.21243721281e-07,3.64420935493e-05
1.5,hammer,RobotiQ 3-Finger Adaptive Gripper[reflex:distal_pad_1],6,0.0234910878196,0.00945653929828,0.0330579119037,0.0333816261074,0.970403592565,-0.228629465938,-2.03803676982,31.2496546475,7.67755291402,0.00059245276843,0.00364808673268,0.00102017771674
1.5,hammer,RobotiQ 3-Finger Adaptive Gripper[reflex:distal_pad_2],6,0.0752820239807,0.00763349934963,0.0312267915877,0.0473844810213,0.979398663526,-0.143965605142,-8.02736256367,20.5639004865,-13.8812219278,0.000744358001468,0.0190703430108,-0.00162315266384
1.5,hammer,RobotiQ 3-Finger Adaptive Gripper[reflex:distal_pad_3],9,0.0495595828354,-0.0187507563881,0.0304756842057,0.03929033436,-0.990335268927,-0.104970111325,10.3980041538,-52.328671667,1.41505956663,-0.00177253750014,0.033781323478,0.00298660450722
1.51,floor,hammer,2,0.268926888997,-0.0440351204489,-2.91289884165e-05,0.0,0.0,-0.997928723693,0.299792486172,-0.301039558381,2.81473515939,-1.88763927727e-06,-9.98038024728e-07,3.58841441265e-05
1.51,hammer,RobotiQ 3-Finger Adaptive Gripper[reflex:distal_pad_1],7,0.0230054309406,0.00949872508411,0.0339707463681,0.0621777292578,0.970597358294,-0.219922733366,-1.69025789582,31.2594324702,8.03379483615,-1.97337204036e-05,-0.00289710863897,0.000733534800261
1.51,hammer,RobotiQ 3-Finger Adaptive Gripper[reflex:distal_pad_2],6,0.0753894593336,0.00764283036563,0.0320079908949,0.0205832773708,0.979387763563,-0.166572947588,-8.20800219412,20.6745833929,-12.1936401584,0.000708367751423,0.0192650629685,-0.00247157843752
1.51,hammer,RobotiQ 3-Finger Adaptive Gripper[reflex:distal_pad_3],9,0.0499434885022,-0.0187358977861,0.031287317214,0.0294078983167,-0.990497280066,-0.0980302262566,10.194947075,-51.6569670802,-2.03407561226,-0.000435358875223,0.0316808167853,0.00173060897234
1.52,floor,hammer,2,0.268838065482,-0.0439448961054,-3.07489044532e-05,0.0,0.0,-0.997928723693,0.499277343561,-0.500907457662,4.64702435483,-2.58253823261e-06,-1.03764950178e-06,3.40781879318e-05
1.52,hammer,RobotiQ 3-Finger Adaptive Gripper[reflex:distal_pad_1],7,0.023436687865,0.00947288736781,0.0347794250427,0.0351372811168,0.972797353104,-0.216307425529,-1.53897638508,31.5642231149,8.47296326171,0.00107359026093,0.0121602569817,-0.00115266720856
1.52,hammer,RobotiQ 3-Finger Adaptive Gripper[reflex:distal_pad_2],6,0.0753774118851,0.00767381958798,0.0327864196349,0.0464412008962,0.973530022668,-0.178408929439,-8.28546422506,18.9637743633,-16.356144806,0.00078519025339,0.0162206117336,-0.00184673566859
1.52,hammer,RobotiQ 3-Finger Adaptive Gripper[reflex:distal_pad_3],9,0.0494233284535,-0.0187587256363,0.0319647663142,0.0570208372325,-0.990682522898,-0.0997950212481,10.3242159246,-50.9072998343,3.59294965618,-0.000592508054607,0.0222150967734,0.00189763739986
1.53,floor,hammer,2,0.268748822466,-0.0438523278094,-3.13791588353e-05,0.0,0.0,-0.997928723693,0.173496109384,-0.174217815852,2.92217816006,-1.59812007485e-06,-6.79622747055e-07,2.05808853908e-05
1.53,hammer,RobotiQ 3-Finger Adaptive Gripper[reflex:distal_pad_1],7,0.023963512574,0.00925160029789,0.0349419713652,0.0280516419822,0.965890502003,-0.2469349444,-2.28065303525,31.2201147293,7.85594403445,0.000133048244216,-0.000996839859026,0.000936684323038
1.53,hammer,RobotiQ 3-Finger Adaptive Gripper[reflex:distal_pad_2],6,0.075829793821,0.00764851473527,0.0334469609127,0.0214096925848,0.976278186841,-0.177349919817,-6.39413863025,20.1671836587,-13.4306317127,0.000616629870794,0.0157166097595,-0.00157203149114
1.53,hammer,RobotiQ 3-Finger Adaptive Gripper[reflex:distal_pad_3],9,0.049724208105,-0.0187497982616,0.0325156361323,0.0295569883733,-0.989479070813,-0.108101448051,8.75087657359,-51.7183617301,-0.81622791955,-0.00147426433034,0.0326224895113,0.00297599365781
1.54,floor,hammer,2,0.268658310872,-0.0437591953894,-3.28458628552e-05,0.0,0.0,-0.997928723693,0.740718482823,-0.742872805054,4.07576339488,-2.2841604512e-06,-9.38384091591e-07,2.63450195859e-05
1.54,hammer,RobotiQ 3-Finger Adaptive Gripper[reflex:distal_pad_1],7,0.0234702561142,0.00932995897265,0.0359800278341,0.0275879737874,0.969116695659,-0.232415168755,-1.49210823155,31.4781966302,8.36322832177,0.000780335413074,0.00756908888592,9.25347006567e-05
1.54,hammer,RobotiQ 3-Finger Adaptive Gripper[reflex:distal_pad_2],5,0.0751394198754,0.00762425506681,0.0338502924155,0.0473538265255,0.983789204297,-0.129333249102,-7.85394202462,19.6720590122,-14.5289776332,0.000673974496396,0.0153650117333,-0.00126421325441
1.54,hammer,RobotiQ 3-Finger Adaptive Gripper[reflex:distal_pad_3],9,0.0498420309529,-0.0187325627388,0.0334729852854,0.0269476195909,-0.993364423287,-0.0882518189422,9.98229512537,-51.7432575149,1.46383339638,-0.00125244155246,0.0405509718166,0.0023540659876
1.55,floor,hammer,2,0.268566452104,-0.0436668979049,-3.328667677e-05,0.0,0.0,-0.997928723693,0.350393906579,-0.351816625967,2.76085268595,-2.26983152166e-06,-1.41394744507e-06,3.72018655245e-05
1.55,hammer,RobotiQ 3-Finger Adaptive Gripper[reflex:distal_pad_1],6,0.0236452648669,0.00934182252848,0.0368440740334,0.0285595941915,0.971788499233,-0.221839848173,-1.57111387817,31.4331831888,8.37676495379,0.000597729307083,0.00164434993873,0.000477519698961
1.55,hammer,RobotiQ 3-Finger Adaptive Gripper[reflex:distal_pad_2],6,0.0759256667947,0.00762112683877,0.0346283348019,0.0170279772904,0.979300094084,-0.16336685437,-8.25594871606,20.0073482369,-13.7803607188,0.000445671474881,0.0151130301228,-0.00172232572866
1.55,hammer,RobotiQ 3-Finger Adaptive Gripper[reflex:distal_pad_3],9,0.0495459797328,-0.0187666206866,0.034000154178,0.0461431758149,-0.990298115278,-0.103583865539,10.1572568979,-51.8897799749,-1.09119236009,-0.000550433164652,0.0334979911103,0.00288930787558
1.56,floor,hammer,3,0.268474754825,-0.0437394825709,-2.31239070649e-05,0.0,0.0,-0.998619149129,0.530082317868,-0.531436234135,4.01263373882,-6.61078414473e-07,-8.9397467668e-07,4.19704299122e-05
1.56,hammer,RobotiQ 3-Finger Adaptive Gripper[reflex:distal_pad_1],7,0.0236005039392,0.00934354005197,0.0376967090346,0.0369579038241,0.971130529774,-0.223966947759,-1.45528075647,31.4382218903,8.30916220821,0.000728486290518,0.00303837478239,-4.29239086079e-05
1.56,hammer,RobotiQ 3-Finger Adaptive Gripper[reflex:distal_pad_2],6,0.075738722756,0.00762905919539,0.0353410522889,0.0209938520998,0.976928940564,-0.174275434396,-8.05610616005,20.3130617737,-14.1721789341,0.000700589112095,0.0156014540494,-0.00151474750137
1.56,hammer,RobotiQ 3-Finger Adaptive Gripper[reflex:distal_pad_3],9,0.0500850326866,-0.0187359890826,0.034613988678,0.00703613929085,-0.992130856909,-0.102287148488,10.0671910642,-52.2593387052,0.965427421602,-0.00114012442346,0.0288439345734,0.00229805227758
1.57,floor,hammer,3,0.268379111927,-0.0436492959516,-2.33824281626e-05,0.0,0.0,-0.998619149129,0.717540017272,-0.719152132408,2.58505017122,2.69445779568e-07,-1.11676459876e-07,2.61833897217e-05
1.57,hammer,RobotiQ 3-Finger Adaptive Gripper[reflex:distal_pad_1],6,0.0237609512042,0.00924880779245,0.0382512489281,0.0154834369018,0.971353682273,-0.225096423614,-1.27452079213,31.6590183967,8.86961035294,0.000790677477371,0.00558018655055,-0.000879204388825
1.57,hammer,RobotiQ 3-Finger Adaptive Gripper[reflex:distal_pad_2],6,0.075398816258,0.00764570634974,0.0360017073646,0.036671051879,0.976809140761,-0.167344509961,-6.01600574391,19.6925666173,-14.4182822338,0.000586639536996,0.0166802419664,-0.0019882229704
1.57,hammer,RobotiQ 3-Finger Adaptive Gripper[reflex:distal_pad_3],9,0.0499181044182,-0.0187359204717,0.0354685893906,0.0262816323923,-0.99309659788,-0.0837138855555,7.90721618449,-51.9745168942,-1.12196748895,-0.001660861381,0.0426427474686,0.00259531804694
1.58,floor,hammer,3,0.268281187572,-0.0435607749684,-2.42648130786e-05,0.0,0.0,-0.998619149129,0.764772277704,-0.766449308056,4.1327576187,-2.19855054329e-07,-4.97221460315e-07,4.38697848826e-05
1.58,hammer,RobotiQ 3-Finger Adaptive Gripper[reflex:distal_pad_1],7,0.0237766400582,0.00928268029364,0.0392280112708,0.0311335774592,0.967659394561,-0.243370682383,-1.56706804404,30.7431519329,6.85406723753,-0.000265654137081,-0.00211037225709,0.000914289836559
1.58,hammer,RobotiQ 3-Finger Adaptive Gripper[reflex:distal_pad_2],6,0.0753022661764,0.00763970841559,0.036627978835,0.0468406540714,0.97490532825,-0.17014047873,-7.98174299248,20.9386338283,-12.7510585265,0.000678809843134,0.0162051584213,-0.00149910661592
1.58,hammer,RobotiQ 3-Finger Adaptive Gripper[reflex:distal_pad_3],9,0.0499087196286,-0.0187599123622,0.0360493230596,0.0254838713003,-0.993047257928,-0.0779290789486,10.2393729302,-52.3963353873,1.13691810571,-0.000903420829621,0.0450104983411,0.000875886347607
1.59,floor,hammer,3,0.268180815023,-0.0434699545627,-2.45408668567e-05,0.0,0.0,-0.998619149129,0.724892013321,-0.726513661584,2.91870111912,2.46850729628e-07,-1.93645270254e-07,3.68210232038e-05
1.59,hammer,RobotiQ 3-Finger Adaptive Gripper[reflex:distal_pad_1],6,0.023737569472,0.00923001693797,0.0398797081758,0.0145397841744,0.968346767581,-0.242873426474,-1.65114392432,30.7509147117,6.85473446248,0.000280141289211,0.00417440271695,-0.000944751343677
1.59,hammer,RobotiQ 3-Finger Adaptive Gripper[reflex:distal_pad_2],6,0.0752653871466,0.00763427269719,0.037287633394,0.0491158377006,0.97310232808,-0.151450580555,-3.0475496074,20.5072952927,-12.365460658,0.00149387184806,0.00933336800686,-0.00160062428508
1.59,hammer,RobotiQ 3-Finger Adaptive Gripper[reflex:distal_pad_3],9,0.0498532343278,-0.0187512003182,0.0366320948718,0.0164499487681,-0.99208828274,-0.0952689298574,5.34475357539,-51.9417778458,-0.848457058438,-0.00150523297877,0.0429300860922,0.00309890778047
1.6,floor,hammer,4,0.268734988723,-0.0433884582697,-1.89742372547e-05,0.0,0.0,-0.998087897897,0.811788430084,-0.815165295208,4.02392950437,9.44821035222e-07,7.51386180924e-07,-6.19047083526e-05
1.6,hammer,RobotiQ 3-Finger Adaptive Gripper[reflex:distal_pad_1],6,0.0238504285326,0.00926468830955,0.0408137181173,0.0308293151133,0.971286015594,-0.222186847981,-1.5813786494,31.62025406,8.75046794182,0.000435386070014,-0.00205350169133,0.000708469549888
1.6,hammer,RobotiQ 3-Finger Adaptive Gripper[reflex:distal_pad_2],6,0.0758000965918,0.0076030360701,0.0379833224914,0.0223887308128,0.977054684629,-0.171450566695,-3.69832862574,20.0601615007,-14.5142832399,0.000479453106556,0.0133135574217,-0.00107332942003
1.6,hammer,RobotiQ 3-Finger Adaptive Gripper[reflex:distal_pad_3],9,0.0495051110936,-0.0187855050984,0.0375533274403,0.0536371191335,-0.990453020386,-0.0955860715073,6.02857892704,-52.4444564597,0.973725204253,-0.00219874123617,0.0352581542945,0.0028157542566
1.61,floor,hammer,4,0.268632583768,-0.0432930390348,-1.67935499242e-05,0.0,0.0,-0.998087897897,0.642195248931,-0.644866642928,2.91046956734,0.0,0.0,0.0
1.61,hammer,RobotiQ 3-Finger Adaptive Gripper[reflex:distal_pad_1],6,0.0239842173012,0.00919441505744,0.0414784593484,0.0138290763783,0.971420795918,-0.224684978494,-1.18083051485,31.6343043454,8.91698681365,0.000342473857914,0.000483482897001,-0.000527090072084
1.61,hammer,RobotiQ 3-Finger Adaptive Gripper[reflex:distal_pad_2],6,0.0754293938037,0.0076272320534,0.038708645274,0.0448909972431,0.974151660143,-0.173478315557,-2.863430104,19.6827001988,-14.3342615978,0.000548049081843,0.0138250990224,-0.00119020791482
1.61,hammer,RobotiQ 3-Finger Adaptive Gripper[reflex:distal_pad_3],9,0.0494833686647,-0.0187799819017,0.0380926001763,0.0535335660762,-0.989880267309,-0.101084323918,4.68221588436,-51.9804577464,-0.882943923249,-0.0019838466696,0.0339751948129,0.00348883325033
1.62,floor,hammer,4,0.268528700769,-0.0431993497399,-1.62878556309e-05,0.0,0.0,-0.998087897897,0.922756603733,-0.926595072573,4.24453441949,2.93909790483e-07,2.04155521851e-07,-3.06413870337e-05
1.62,hammer,RobotiQ 3-Finger Adaptive Gripper[reflex:distal_pad_1],6,0.0239060109185,0.00918140412087,0.0422877028313,0.0267531388127,0.966992211889,-0.24428348924,-1.23250490396,30.7286485283,6.7663610977,-2.24688102114e-05,-0.00601848371413,0.00203497874027
1.62,hammer,RobotiQ 3-Finger Adaptive Gripper[reflex:distal_pad_2],6,0.0751740503614,0.00757555234299,0.0391044976452,0.0489476806131,0.979019895504,-0.115460547413,-4.02421885956,20.7322397669,-12.7027705672,0.00146657190237,0.00878666906822,-0.00101666092622
1.62,hammer,RobotiQ 3-Finger Adaptive Gripper[reflex:distal_pad_3],9,0.0498494980197,-0.0187625982829,0.0387377677743,0.0297278794498,-0.992276076929,-0.0960389586914,6.0403081694,-52.2978046373,1.26141370998,-0.00236727772103,0.0342425359064,0.00249382582271
1.63,floor,hammer,3,0.268639689069,-0.0430014230509,-1.93614077574e-05,0.0,0.0,-0.997450530529,0.932388196712,-0.932388196712,2.75777679348,0.0,0.0,0.0
1.63,hammer,RobotiQ 3-Finger Adaptive Gripper[reflex:distal_pad_1],6,0.0236109360989,0.00921438980829,0.0432445863985,0.0508310334361,0.97058332485,-0.224085784567,-1.03735039075,31.5803162163,8.88883269212,0.000382690098648,-0.00256000803651,0.0009341966485
1.63,hammer,RobotiQ 3-Finger Adaptive Gripper[reflex:distal_pad_2],6,0.0753732356177,0.00753010328576,0.0396142487279,0.0331038502573,0.986269143228,-0.0942119999021,-3.06163830893,19.6226960988,-14.1815626675,0.000590927339204,0.00943332357033,-0.000678351704364
1.63,hammer,RobotiQ 3-Finger Adaptive Gripper[reflex:distal_pad_3],9,0.0499096091638,-0.0187645793011,0.0394359835747,0.0297809434996,-0.992358599366,-0.0951555020825,4.89287125986,-52.0116490112,-1.11472071618,-0.00191514787219,0.0359347529915,0.00335371052394
1.64,floor,hammer,3,0.268536523428,-0.0429138360085,-1.86919356564e-05,0.0,0.0,-0.997450530529,1.01596862591,-1.01596862591,4.0572354021,0.0,0.0,0.0
1.64,hammer,RobotiQ 3-Finger Adaptive Gripper[reflex:distal_pad_1],6,0.0239332873053,0.00916656715153,0.0439645583588,0.026777465086,0.970907950499,-0.223743446764,-0.917136056867,31.6192858357,8.89095958982,0.000517220689031,-0.00154317840941,0.000404984020525
1.64,hammer,RobotiQ 3-Finger Adaptive Gripper[reflex:distal_pad_2],6,0.0753606235963,0.00756938380076,0.0406190585042,0.0375827852329,0.975299561167,-0.154432435208,-5.78638726829,19.6808778713,-14.2936350523,0.0010882744881,0.00775046596066,-0.00151612443094
1.64,hammer,RobotiQ 3-Finger Adaptive Gripper[reflex:distal_pad_3],9,0.049699477392,-0.0188011062499,0.0400065657786,0.0316218101734,-0.989867756639,-0.10155903956,7.60405724722,-52.2447786678,0.571055408471,-0.00196008875813,0.0383061927369,0.00348172578613
1.65,floor,hammer,3,0.268432305027,-0.0428193325906,-1.61505683996e-05,0.0,0.0,-0.997450530529,0.870240784286,-0.870240784286,2.64731265876,0.0,0.0,0.0
1.65,hammer,RobotiQ 3-Finger Adaptive Gripper[reflex:distal_pad_1],6,0.0241694930045,0.00912099109965,0.0447270177079,0.0107550529256,0.972806012432,-0.21878173425,-0.749030603797,31.5424917462,8.95918750419,0.000604022947167,-0.000552080420392,-0.000121710337587
1.65,hammer,RobotiQ 3-Finger Adaptive Gripper[reflex:distal_pad_2],6,0.0753201217471,0.00750107653369,0.0409414947152,0.035330970777,0.985361145067,-0.0893624994492,-7.52932963472,19.722789203,-13.8859160185,0.000553566886314,0.00837258103903,-0.00108804560733
1.65,hammer,RobotiQ 3-Finger Adaptive Gripper[reflex:distal_pad_3],10,0.0499065192198,-0.0188147460727,0.0406530430617,0.0183197765457,-0.989563986171,-0.10402158278,9.11692225476,-51.9766278753,-1.66782718965,-0.000233429231856,0.0316084092885,0.00299576685161
1.66,floor,hammer,3,0.269201902828,-0.0427345048204,-1.51839952251e-05,0.0,0.0,-0.998619149129,1.0311038586,-1.03410239042,3.89935449962,-2.78573174688e-06,-1.50234715388e-06,2.2278895606e-05
1.66,hammer,RobotiQ 3-Finger Adaptive Gripper[reflex:distal_pad_1],6,0.0242712765324,0.00906309349982,0.0454455124426,0.0131393698153,0.972385239829,-0.220646643804,-0.671408564174,31.567919819,8.9232184892,0.000809345717773,0.00103962946547,-0.000178169392403
1.66,hammer,RobotiQ 3-Finger Adaptive Gripper[reflex:distal_pad_2],6,0.0758434761697,0.00750056627963,0.0417778167281,0.0115310738282,0.981835754636,-0.119740505593,-6.45097052457,19.7842181044,-13.8440144668,0.000614443688447,0.00815958543862,-0.0012200268313
1.66,hammer,RobotiQ 3-Finger Adaptive Gripper[reflex:distal_pad_3],10,0.0496126944686,-0.018853509492,0.0413415613556,0.0436706067989,-0.990083532889,-0.104098573656,8.04863628733,-52.248807341,-0.0404615238702,-1.4665452222e-05,0.0292275900561,0.00303750506575
1.67,floor,hammer,3,0.269093404166,-0.0426388200221,-1.40559340717e-05,0.0,0.0,-0.998619149129,0.9097732382,-0.912594158803,2.65480812945,-1.36868369816e-06,-6.00313318375e-07,8.64020914856e-06
1.67,hammer,RobotiQ 3-Finger Adaptive Gripper[reflex:distal_pad_1],6,0.0240151634124,0.00909722944339,0.046387932424,0.0248622578413,0.972614581259,-0.217383799042,-0.399491623239,31.5511995016,9.11782505898,0.000535371553176,-0.00129213263463,0.000335081254562
1.67,hammer,RobotiQ 3-Finger Adaptive Gripper[reflex:distal_pad_2],6,0.075914804068,0.00743705049144,0.0422149889061,0.00155008904621,0.986918741136,-0.0875558636201,-1.98341589309,19.5465508699,-14.0490856927,0.000576072029942,0.00619841673176,-0.000829862596453
1.67,hammer,RobotiQ 3-Finger Adaptive Gripper[reflex:distal_pad_3],10,0.04996155323,-0.0188306211359,0.0417784344243,0.0179660575888,-0.989429233723,-0.105573501927,3.20307597529,-51.9347719356,-1.67143542285,-0.000817299415384,0.0287539321346,0.00285055576939
1.68,floor,hammer,3,0.268980760811,-0.0425437872994,-1.38039842655e-05,0.0,0.0,-0.998619149129,1.03221931727,-1.03523579539,3.88893023493,-2.93957570558e-06,-1.66059063499e-06,2.27613021732e-05
1.68,hammer,RobotiQ 3-Finger Adaptive Gripper[reflex:distal_pad_1],6,0.0239377382847,0.00900190988165,0.0470068906469,0.0336379416571,0.968859981299,-0.230291314119,-0.358907961981,31.6163496156,9.19924289021,0.000592050268041,-0.00169545017546,0.00084826801834
1.68,hammer,RobotiQ 3-Finger Adaptive Gripper[reflex:distal_pad_2],6,0.0755295364372,0.00741216201711,0.0428785615168,0.0157321847646,0.988614008191,-0.0936190782469,-3.43574895723,19.837037998,-13.5206493648,0.000531672169817,0.0111246560061,-0.000304613558789
1.68,hammer,RobotiQ 3-Finger Adaptive Gripper[reflex:distal_pad_3],10,0.0496052897456,-0.0188857333292,0.0425901180956,0.0350457868874,-0.989530353235,-0.107229926922,4.72110197893,-52.2629013346,-0.501480668977,-0.00133249531451,0.0354332793028,0.00451598058315
1.69,floor,hammer,3,0.268860503049,-0.0424450255174,-1.26211823943e-05,0.0,0.0,-0.998619149129,0.58508519967,-0.587245267816,2.79538719691,-3.56179051601e-06,-2.73639665496e-06,3.58387470365e-05
1.69,hammer,RobotiQ 3-Finger Adaptive Gripper[reflex:distal_pad_1],6,0.0240032748544,0.00893873243024,0.0476437157657,0.0382249999088,0.968127768468,-0.237891661965,-0.275819888957,30.4561779758,7.0123529322,0.000443546984159,-0.00196859727244,-1.42732709647e-05
1.69,hammer,RobotiQ 3-Finger Adaptive Gripper[reflex:distal_pad_2],6,0.0753233887785,0.00740649870777,0.0434409788519,0.0386481988629,0.987975230537,-0.0725585318009,-4.70835691989,20.679237223,-11.5090491201,0.000713087442912,0.0106381813445,-0.00068821583694
1.69,hammer,RobotiQ 3-Finger Adaptive Gripper[reflex:distal_pad_3],10,0.0499028084546,-0.0188765839274,0.0432492605163,0.021433712119,-0.989170559218,-0.108569113852,5.62246377951,-51.9098741447,-1.96495760628,-0.000587570431858,0.0322566016706,0.003641532412
1.7,floor,hammer,3,0.269602825235,-0.0424643404675,-1.26358808867e-05,0.0,0.0,-0.998619149129,0.486695275347,-0.487765396988,4.42014571451,-7.46278133026e-07,-1.3340154887e-06,4.01392602421e-05
1.7,hammer,RobotiQ 3-Finger Adaptive Gripper[reflex:distal_pad_1],6,0.0241280901772,0.00895141029871,0.0486009442336,0.0209129661035,0.968164902365,-0.239694064257,-0.174035425692,30.587611558,6.98372497515,0.00011519736787,-0.0037759406931,0.000465510680037
1.7,hammer,RobotiQ 3-Finger Adaptive Gripper[reflex:distal_pad_2],6,0.0762803811768,0.0074045516695,0.0443232366278,-0.0227072639787,0.977359220124,-0.171344895706,-6.38365580588,21.000838922,-11.8300453697,0.000217984134762,0.00860755679787,-0.000106727361525
1.7,hammer,RobotiQ 3-Finger Adaptive Gripper[reflex:distal_pad_3],10,0.049795587107,-0.0188888734063,0.0439237850493,0.0230244376185,-0.988845739804,-0.110340510548,7.19573551214,-52.2602949259,0.326269432983,-0.000397524441086,0.0343305476743,0.00404557581875
1.71,floor,hammer,3,0.269474511636,-0.0423565546953,-1.33750695182e-05,0.0,0.0,-0.998619149129,0.439638980851,-0.440526955465,3.15947626873,4.32211508825e-07,-3.44277159901e-07,1.93345072938e-05
1.71,hammer,RobotiQ 3-Finger Adaptive Gripper[reflex:distal_pad_1],6,0.0242205304401,0.00888673655651,0.0493120592597,0.00138903124889,0.966180699375,-0.250079067161,0.0189474745175,30.5491443204,6.97028483709,0.000300326616724,-0.00262159340077,0.000643063607804
1.71,hammer,RobotiQ 3-Finger Adaptive Gripper[reflex:distal_pad_2],6,0.0760684451508,0.00739573578551,0.04505295916,0.00628962507161,0.976289336772,-0.174161748332,-4.17221720913,20.7898535445,-11.2897062762,-0.000210555037995,0.00754222174529,8.45304166172e-05
1.71,hammer,RobotiQ 3-Finger Adaptive Gripper[reflex:distal_pad_3],9,0.049639794899,-0.0188838661412,0.044689661407,0.0440233735964,-0.988282228681,-0.116822511454,4.58179695459,-51.8673132441,-1.80871052043,0.00011613981537,0.0238168735642,0.00214373539639
1.72,floor,hammer,3,0.269343788927,-0.0422420573281,-1.47998761858e-05,0.0,0.0,-0.998619149129,0.54868445603,-0.549831415834,4.54070294043,-7.23473197263e-07,-1.3799185389e-06,4.61992013723e-05
1.72,hammer,RobotiQ 3-Finger Adaptive Gripper[reflex:distal_pad_1],6,0.0244227943337,0.00889946833916,0.0501844075483,0.014578029922,0.968331439957,-0.240404763366,-0.181091467603,30.5966122135,6.98044224268,0.000232306744162,-0.00887672370858,0.00168582920855
1.72,hammer,RobotiQ 3-Finger Adaptive Gripper[reflex:distal_pad_2],6,0.0758125529332,0.00742807971274,0.0459037137259,0.00878757389936,0.979202744138,-0.162619681044,-5.16261902611,20.9014260441,-11.233714263,0.00017909083754,0.0109163898919,-1.95001432608e-05
1.72,hammer,RobotiQ 3-Finger Adaptive Gripper[reflex:distal_pad_3],10,0.0495003201805,-0.0188787272049,0.0453052188697,0.0426772350524,-0.985955374294,-0.132822069011,5.87091982314,-52.1761481951,-0.126473945963,-0.00136133214229,0.0304575346736,0.00333876983356
1.73,floor,hammer,3,0.269211251074,-0.042124145604,-1.55278077829e-05,0.0,0.0,-0.998619149129,0.906293844985,-0.908137336708,3.20394401693,-1.63090310027e-07,-9.82548234428e-07,3.16128262879e-05
1.73,hammer,RobotiQ 3-Finger Adaptive Gripper[reflex:distal_pad_1],6,0.024126511945,0.00881668374608,0.0508540396449,0.0055699316492,0.967903484836,-0.244675319842,0.569336106515,30.5016261561,7.05369978003,0.000332092487558,-0.00305126248624,0.00036662343808
1.73,hammer,RobotiQ 3-Finger Adaptive Gripper[reflex:distal_pad_2],6,0.0757805798359,0.00739178240427,0.0463276687575,-0.001320226662,0.983186438642,-0.0905828358641,-7.08722986483,20.7230047807,-11.4552857215,0.000314220637958,0.00371495111355,-1.18464235017e-05
1.73,hammer,RobotiQ 3-Finger Adaptive Gripper[reflex:distal_pad_3],9,0.0496731185746,-0.0189006112719,0.0460952918925,0.0405455446358,-0.989139442696,-0.112382044906,7.33234936184,-51.9730802354,-1.60369240162,-0.000854120902302,0.0304691874129,0.0035762589562
1.74,floor,hammer,3,0.26907722023,-0.0420094909756,-1.68712159338e-05,0.0,0.0,-0.998619149129,0.197330558041,-0.19769803825,4.51366787618,3.96194394743e-07,-3.18063639858e-07,1.90909649084e-05
1.74,hammer,RobotiQ 3-Finger Adaptive Gripper[reflex:distal_pad_1],7,0.0244060182352,0.0088291452051,0.0517260298355,0.018907937664,0.967209675065,-0.244037295659,0.271766202392,30.5646267755,7.07353011867,0.000132102845718,-0.00289678501404,0.000370189858683
1.74,hammer,RobotiQ 3-Finger Adaptive Gripper[reflex:distal_pad_2],6,0.0761474424269,0.00742757564572,0.0473701230344,-0.00733145714463,0.973876444952,-0.201518954252,-0.758722420161,21.0621223257,-10.8225696723,0.000354612085128,0.00140984658877,-0.000608410880406
1.74,hammer,RobotiQ 3-Finger Adaptive Gripper[reflex:distal_pad_3],9,0.0498143597648,-0.0189019208903,0.0468681457947,0.0446169946155,-0.987469330083,-0.123280598926,0.708056224657,-52.2038279196,-0.589065808604,-9.77831907792e-05,0.0268797222426,0.00239980384947
1.75,floor,hammer,3,0.268941796571,-0.0418887800719,-1.75317281881e-05,0.0,0.0,-0.998619149129,0.870339732384,-0.872096197484,3.24273327394,-1.99159380815e-07,-1.04124856269e-06,2.96822964352e-05
1.75,hammer,RobotiQ 3-Finger Adaptive Gripper[reflex:distal_pad_1],6,0.0241845453845,0.00889411660352,0.0527939148244,0.0327727489903,0.968659092438,-0.234960308727,0.762915994599,30.7514405222,7.45777653166,0.000144706815562,-0.00406553334469,0.00050842275275
1.75,hammer,RobotiQ 3-Finger Adaptive Gripper[reflex:distal_pad_2],6,0.0759410550907,0.00735525965568,0.0474951628227,-0.0065644220345,0.987190430504,-0.066624911602,-7.11000786647,20.4018052874,-12.1775702181,0.000302943439982,0.00444645835481,-0.000519662806606
1.75,hammer,RobotiQ 3-Finger Adaptive Gripper[reflex:distal_pad_3],9,0.0494809906469,-0.0189063892221,0.0474700630686,0.0438311470873,-0.986237487923,-0.129261444252,7.16801813141,-52.0043795436,-1.38659035306,-0.00106367285869,0.0303469761333,0.00343443937739
1.76,floor,hammer,3,0.268804843059,-0.0417723338098,-1.88322419578e-05,0.0,0.0,-0.998619149129,0.898121208985,-0.899966541229,4.88826600888,-2.25460274878e-06,-2.96879855073e-06,7.53804050883e-05
1.76,hammer,RobotiQ 3-Finger Adaptive Gripper[reflex:distal_pad_1],6,0.0247037687276,0.00880318228703,0.0534075572673,0.000875906382562,0.967013541265,-0.246567323886,0.985096554496,30.6586079808,7.30185278106,0.000245645059044,0.00033097194106,-0.000409026809696
1.76,hammer,RobotiQ 3-Finger Adaptive Gripper[reflex:distal_pad_2],6,0.0755939502954,0.00734963437537,0.0481961062231,0.0120968781045,0.988928148365,-0.078608948368,-6.80999192272,19.950539284,-13.2762190693,0.000456769577745,0.00931806357115,-0.000727230622116
1.76,hammer,RobotiQ 3-Finger Adaptive Gripper[reflex:distal_pad_3],9,0.0498220851457,-0.0189029231406,0.0480640134467,0.0204989260831,-0.98766682908,-0.116487534356,6.60344646996,-51.4425006937,1.89219383722,-0.000918000571464,0.034474322508,0.00438831400037
1.77,floor,hammer,3,0.268667299796,-0.0416588499827,-1.93839106533e-05,0.0,0.0,-0.998619149129,0.691665204631,-0.693007875581,3.23418414887,3.49392834503e-07,-5.58534480205e-07,2.10849828116e-05
1.77,hammer,RobotiQ 3-Finger Adaptive Gripper[reflex:distal_pad_1],6,0.0238542329668,0.00885913659378,0.0543834450622,0.0340708513029,0.967190297939,-0.240589602866,0.90355499138,30.6239721615,7.40108377996,9.50818593644e-05,-0.00545882094392,0.000731820252746
1.77,hammer,RobotiQ 3-Finger Adaptive Gripper[reflex:distal_pad_2],6,0.0755778624388,0.00738216499568,0.0491681413213,0.0172166181497,0.978016486,-0.142651640199,-2.79442770792,20.2739804471,-12.3985019035,0.000508003929755,0.00459230904724,-0.000543787381939
1.77,hammer,RobotiQ 3-Finger Adaptive Gripper[reflex:distal_pad_3],9,0.0495430598155,-0.0189107063261,0.0488071472892,0.0438041293966,-0.985776432713,-0.13184628973,2.58225801986,-52.0811156271,-1.14446333915,-0.00122836430179,0.0304464917367,0.00372244415085
1.78,floor,hammer,3,0.268528335972,-0.0415466327695,-2.05971229043e-05,0.0,0.0,-0.998619149129,0.824210194739,-0.825867450997,4.21819381167,-1.56087963361e-06,-2.33272269484e-06,5.73302051665e-05
1.78,hammer,RobotiQ 3-Finger Adaptive Gripper[reflex:distal_pad_1],6,0.02461037957,0.00874574867414,0.0549732123576,0.00036436542987,0.969229155454,-0.237556342831,1.30868369755,30.7376568888,7.54439088919,0.000353654941981,-0.00975287054991,0.000905424860469
1.78,hammer,RobotiQ 3-Finger Adaptive Gripper[reflex:distal_pad_2],6,0.0755743032354,0.00737159422551,0.0498180417972,0.0162317741709,0.978585066825,-0.139472734037,-4.3669079608,20.7872639342,-11.3103254473,0.000462558719752,0.0032028390939,-7.46762332997e-05
1.78,hammer,RobotiQ 3-Finger Adaptive Gripper[reflex:distal_pad_3],9,0.0496144602976,-0.0189372427145,0.0497690876577,0.0453773569017,-0.987795371091,-0.121629567298,3.81346888975,-52.3300979254,-0.814604847822,-0.000629728585337,0.0291469696251,0.00302359915715
1.79,floor,hammer,3,0.268387892635,-0.0414301563015,-2.0991207939e-05,0.0,0.0,-0.998619149129,0.800047145312,-0.801599542306,3.00445622338,6.23849472312e-07,-3.19580168103e-07,1.28812636407e-05
1.79,hammer,RobotiQ 3-Finger Adaptive Gripper[reflex:distal_pad_1],6,0.0239940912898,0.00882292420469,0.0560076629052,0.0324861481353,0.967922566093,-0.235276704324,1.08521850047,30.9619615036,8.22751657498,0.000185331686213,-0.00657155901181,0.000685526722328
1.79,hammer,RobotiQ 3-Finger Adaptive Gripper[reflex:distal_pad_2],6,0.0755467601361,0.00734656142403,0.0503219188613,0.0099374087133,0.983380220196,-0.110433231903,-3.91961373589,20.5835799914,-11.6387275082,0.000842659799219,0.00854127521736,-0.000288075757083
1.79,hammer,RobotiQ 3-Finger Adaptive Gripper[reflex:distal_pad_3],9,0.0499978075454,-0.0189275233987,0.0503219227723,0.0175778761995,-0.988787682513,-0.121691494691,3.58641149451,-51.9122460388,-2.71903684333,0.000164305019823,0.030743414101,0.00266069767657
1.8,floor,hammer,3,0.26824571047,-0.0413128912071,-2.21042106889e-05,0.0,0.0,-0.998619149129,1.01879905166,-1.02085315792,4.38608249981,-2.56663311225e-06,-3.36036669562e-06,7.01441029953e-05
1.8,hammer,RobotiQ 3-Finger Adaptive Gripper[reflex:distal_pad_1],6,0.0247887264826,0.00875571554668,0.056681339613,0.0198035279756,0.97379942559,-0.206828614982,0.420955317349,32.1164067736,10.6887622683,0.000332044517726,-0.00741563691084,0.000547467891495
1.8,hammer,RobotiQ 3-Finger Adaptive Gripper[reflex:distal_pad_2],6,0.0760238176033,0.00735542441924,0.0510993204323,-0.00389589477006,0.976997656104,-0.144035019319,-3.13355929758,18.9220646085,-15.6675233188,0.000975221449105,0.00368257486491,-0.00139676123587
1.8,hammer,RobotiQ 3-Finger Adaptive Gripper[reflex:distal_pad_3],10,0.0493827737873,-0.0189755785264,0.0511085953299,0.0527109402797,-0.98806473611,-0.119259740386,3.61154390924,-51.99906056,0.579657322623,-0.00104816382919,0.0357568247682,0.00487126922938
1.81,floor,hammer,3,0.268101961991,-0.0411942523799,-2.24061213732e-05,0.0,0.0,-0.998619149129,0.601790587564,-0.602898459059,2.99475030459,1.08728329769e-06,9.69830030691e-08,1.01357521254e-05
1.81,hammer,RobotiQ 3-Finger Adaptive Gripper[reflex:distal_pad_1],6,0.0245324547908,0.0086990432469,0.0573450060996,0.000315163807995,0.964239859158,-0.245244181348,2.57129815971,30.1114829627,6.66294478029,1.1664439455e-05,0.00126775749447,-0.000367962793315
1.81,hammer,RobotiQ 3-Finger Adaptive Gripper[reflex:distal_pad_2],6,0.0757235576973,0.0072982411013,0.0514048498528,0.0034216928763,0.990016434335,-0.0628140569536,-6.53232036794,21.2120834693,-10.176027274,0.000106612513866,0.00782493194858,-0.000374536053461
1.81,hammer,RobotiQ 3-Finger Adaptive Gripper[reflex:distal_pad_3],9,0.0499403235475,-0.018937197334,0.0516953424921,0.0262927011239,-0.988309595691,-0.116221191579,4.57946894636,-51.9448429128,-2.67059245792,0.0005331072376,0.029915274778,0.00267038672195
1.82,floor,hammer,3,0.267953811913,-0.0410706892684,-2.34983102565e-05,0.0,0.0,-0.998619149129,1.09479042118,-1.0969491583,4.36626834641,-2.48769988635e-06,-3.30605146356e-06,6.305427115e-05
1.82,hammer,RobotiQ 3-Finger Adaptive Gripper[reflex:distal_pad_1],6,0.024888400309,0.00871093480219,0.058202379519,-0.0196581167917,0.965405541417,-0.237151742565,2.37377096294,30.6363014167,7.4289091047,0.000308827817329,-0.00167668374399,0.000112413617846
1.82,hammer,RobotiQ 3-Finger Adaptive Gripper[reflex:distal_pad_2],6,0.0752918395011,0.00732853589175,0.0521786300768,0.0190503475295,0.985805189809,-0.0728371506279,-6.20105036545,20.8561964284,-12.6148429311,0.000713987379568,0.00560190074463,-0.000398089505328
1.82,hammer,RobotiQ 3-Finger Adaptive Gripper[reflex:distal_pad_3],10,0.0496120766105,-0.0189571883264,0.0524905381946,0.0332073878399,-0.988597342594,-0.114005982097,4.72096978237,-52.3244265028,0.632922499442,-0.000784811263094,0.0429996067177,0.00236802134759
1.83,floor,hammer,3,0.267802387324,-0.0409428221874,-2.3834558085e-05,0.0,0.0,-0.998619149129,0.585945170155,-0.587011678754,3.12956001146,9.69565518042e-07,-3.97553524719e-08,1.22463095761e-05
1.83,hammer,RobotiQ 3-Finger Adaptive Gripper[reflex:distal_pad_1],6,0.0248738602821,0.00869019133791,0.0589697450615,-0.0195463417119,0.965864170222,-0.235151647747,2.76480552624,30.6116502269,7.68714292618,0.000286400278115,0.00102050717992,-0.000734012196036
1.83,hammer,RobotiQ 3-Finger Adaptive Gripper[reflex:distal_pad_2],6,0.075906443676,0.00731219784012,0.0528619794375,0.000770335806144,0.989324407146,-0.0861816922,-6.66282551518,20.8237482793,-12.1508756267,0.000183029590344,0.00651654243864,-0.00129362260379
1.83,hammer,RobotiQ 3-Finger Adaptive Gripper[reflex:distal_pad_3],10,0.0496411893817,-0.018969726501,0.0531576907916,0.0319048845036,-0.987363258613,-0.120276661985,4.40941844096,-51.9156213428,-1.6844967472,-0.0006985719209,0.0430163766278,0.00391067694455
1.84,floor,hammer,3,0.267647369938,-0.0408085971106,-2.49306225887e-05,0.0,0.0,-0.998619149129,0.478781189116,-0.479651584876,4.66171469378,-6.95536971766e-07,-1.56721800158e-06,3.95263064435e-05
1.84,hammer,RobotiQ 3-Finger Adaptive Gripper[reflex:distal_pad_1],6,0.0241962294946,0.00862467778609,0.0596322612396,0.0245186485134,0.966276837829,-0.246554525361,3.16805790259,30.0147562569,6.53149566055,-8.08067549909e-05,0.00117908027828,-0.000226439680929
1.84,hammer,RobotiQ 3-Finger Adaptive Gripper[reflex:distal_pad_2],6,0.0755971006554,0.00735867129895,0.0537924878672,0.013148007994,0.980128192504,-0.133441512293,-6.31198328554,21.6689351362,-11.4084856352,0.000770922186148,0.00419563303264,-0.000690680713164
1.84,hammer,RobotiQ 3-Finger Adaptive Gripper[reflex:distal_pad_3],10,0.0497227511455,-0.0189616153456,0.0538689700762,0.0289241661329,-0.987286148835,-0.1244264402,3.59763819845,-52.1310332558,0.604644686476,-0.000187826833645,0.0272119779682,0.00278321143131
1.85,floor,hammer,3,0.267492042148,-0.0406667381484,-2.51589222414e-05,0.0,0.0,-0.998619149129,0.580911532646,-0.581932333416,3.12852319029,1.30335283138e-06,2.35069616324e-07,9.51116377926e-06
1.85,hammer,RobotiQ 3-Finger Adaptive Gripper[reflex:distal_pad_1],6,0.0243979796427,0.00861719912357,0.0604834057808,0.0142133646533,0.969851964313,-0.230769116958,3.17844985804,30.6655759994,7.82120176631,0.000419835352778,0.00229789716917,-0.00123091504283
1.85,hammer,RobotiQ 3-Finger Adaptive Gripper[reflex:distal_pad_2],5,0.0758100620562,0.00732271574656,0.0541516265791,0.00224573910615,0.989257850774,-0.0711238738385,-6.41585413804,20.7900376197,-11.8940113867,0.000256514675514,0.00635103349775,-0.00107440441508
1.85,hammer,RobotiQ 3-Finger Adaptive Gripper[reflex:distal_pad_3],10,0.0496766503533,-0.0189431152981,0.054518323921,0.0306549655294,-0.987370336551,-0.12739974215,3.83262462007,-52.0039442933,-2.03154392871,-0.00026011203464,0.027371747498,0.00247203615808
1.86,floor,hammer,3,0.267335346867,-0.0405213702544,-2.61900027381e-05,0.0,0.0,-0.998619149129,0.701614020504,-0.702909785279,4.43990062113,-1.34055422736e-06,-2.26220559958e-06,4.83621984012e-05
1.86,hammer,RobotiQ 3-Finger Adaptive Gripper[reflex:distal_pad_1],6,0.024087471882,0.00862835008918,0.0614483961839,0.010694552806,0.967548961953,-0.239347015408,4.29122072057,30.6055316872,7.36261289221,0.000690660142961,0.0146423093273,-0.00232615858622
1.86,hammer,RobotiQ 3-Finger Adaptive Gripper[reflex:distal_pad_2],5,0.075262935223,0.00730661093492,0.0546907951125,0.0452487041619,0.990674516538,-0.0431400896234,-6.27161553284,21.2593035754,-11.281132001,0.000451366444714,0.0089142370836,-0.000600173147456
1.86,hammer,RobotiQ 3-Finger Adaptive Gripper[reflex:distal_pad_3],10,0.049515786506,-0.0189771827483,0.0553281435354,0.0395798806071,-0.989308819622,-0.113217277194,2.65332624201,-52.5073573993,-0.484482049409,-0.00128872042208,0.034886690082,0.00276227668476
1.87,floor,hammer,3,0.267177185818,-0.0403667842748,-2.63775891735e-05,0.0,0.0,-0.998619149129,0.641749529072,-0.642859304004,2.88554424031,1.30091952632e-06,2.98519380482e-07,7.86600350468e-06
1.87,hammer,RobotiQ 3-Finger Adaptive Gripper[reflex:distal_pad_1],6,0.0241431639506,0.0086137468528,0.0622420786777,0.00990880171336,0.969287741963,-0.23245949112,4.32678447003,30.6545168633,7.69767426622,0.000568254114022,0.0171502266088,-0.00313332945132
1.87,hammer,RobotiQ 3-Finger Adaptive Gripper[reflex:distal_pad_2],6,0.0758643393646,0.00734037486739,0.0555589077348,0.00442871869822,0.98638179581,-0.0875102584431,-6.62730166882,20.9755447966,-11.3373102206,0.00026130744814,0.00657558146525,-0.000660274170822
1.87,hammer,RobotiQ 3-Finger Adaptive Gripper[reflex:distal_pad_3],10,0.0496323685504,-0.0189857825238,0.0560827157947,0.0309433642234,-0.988663719791,-0.114590070949,3.04385770389,-52.1983383994,-2.70503404304,-0.00126343169285,0.0422295783413,0.00420343019019
1.88,floor,hammer,3,0.267017305054,-0.0402068913558,-2.73526368004e-05,0.0,0.0,-0.998619149129,0.581685126579,-0.582696890322,4.38196753097,-6.73654775244e-07,-1.65394855878e-06,4.0356192471e-05
1.88,hammer,RobotiQ 3-Finger Adaptive Gripper[reflex:distal_pad_1],6,0.0245699225646,0.00851637972934,0.0627802197182,0.00325649120086,0.966678975317,-0.247202439021,3.46505159419,29.8932328373,6.29524093835,1.1837886876e-05,-7.74688148132e-05,0.000426672900648
1.88,hammer,RobotiQ 3-Finger Adaptive Gripper[reflex:distal_pad_2],5,0.0752137996497,0.00733139898249,0.0560752131084,0.0318992326721,0.991259387993,-0.0377774803706,-6.13736218872,21.8945366842,-10.0443580643,0.000367085702283,0.00320130781798,-0.00016422875918
1.88,hammer,RobotiQ 3-Finger Adaptive Gripper[reflex:distal_pad_3],10,0.0495414209129,-0.0190108411149,0.056892648124,0.0361502178634,-0.989142014146,-0.111779476025,3.40421885553,-52.5199076502,-0.637723245448,-0.00131117941867,0.0434259930856,0.00424844079509
1.89,floor,hammer,3,0.266855768094,-0.0400438584618,-2.74646843416e-05,0.0,0.0,-0.998619149129,0.524795266326,-0.525635577817,3.33516346862,1.51220071463e-06,3.61478196574e-07,1.28703861371e-05
1.89,hammer,RobotiQ 3-Finger Adaptive Gripper[reflex:distal_pad_1],6,0.0249951280769,0.00846455854653,0.0633978785453,-0.000905905334444,0.959312805543,-0.270669349461,3.63293634784,29.8198970887,6.41344051214,-0.00024974475401,-0.00353955765924,0.000763590016755
1.89,hammer,RobotiQ 3-Finger Adaptive Gripper[reflex:distal_pad_2],5,0.075688569598,0.00736344236477,0.0570603144189,0.0131150408972,0.98271757019,-0.10270549354,-6.29628191873,21.5630566424,-11.1969268988,0.000719095032487,0.00556340254797,-0.000248045999188
1.89,hammer,RobotiQ 3-Finger Adaptive Gripper[reflex:distal_pad_3],10,0.0498663084834,-0.0189301015436,0.0571970587359,0.0293777885595,-0.98747959697,-0.124426244708,3.12278978228,-51.8338191285,-1.32030214666,-0.00055510991113,0.024950571338,0.00268562923577
1.9,floor,hammer,3,0.266690934801,-0.0398770019048,-2.84873862323e-05,0.0,0.0,-0.998619149129,0.690765562099,-0.691964399945,4.75781398197,-1.3743827038e-06,-2.40108200385e-06,4.96654399538e-05
1.9,hammer,RobotiQ 3-Finger Adaptive Gripper[reflex:distal_pad_1],6,0.0244891160142,0.00845938741218,0.0643175330544,0.00158905376264,0.963166567886,-0.259497317838,3.74725284913,29.8501383978,6.42322297413,-0.000186381417523,-0.00219899522995,0.000477460324599
1.9,hammer,RobotiQ 3-Finger Adaptive Gripper[reflex:distal_pad_2],6,0.0762650072116,0.00737495501567,0.0577628515944,-0.0176467698399,0.979968753662,-0.116152899207,-6.53377841998,21.8163604651,-10.8528113495,0.000732801399433,0.00343885685899,-0.00061748544334
1.9,hammer,RobotiQ 3-Finger Adaptive Gripper[reflex:distal_pad_3],10,0.0495925959234,-0.0189700010226,0.0579483889622,0.0318459266102,-0.990128965882,-0.11110479941,3.39998623742,-52.3149038599,0.209025735524,-0.00071328408591,0.032105039396,0.0037186434918
1.91,floor,hammer,3,0.266524269434,-0.0397067574402,-2.86172324953e-05,0.0,0.0,-0.998619149129,0.607754437988,-0.608714036983,2.99377354308,1.41131220306e-06,3.73482190645e-07,1.2596778313e-05
1.91,hammer,RobotiQ 3-Finger Adaptive Gripper[reflex:distal_pad_1],6,0.0246646693552,0.00851617273703,0.0653248646822,-0.0091668789688,0.960620581329,-0.256258250854,4.20427414458,29.6887618609,6.15225871322,-7.21043888465e-05,-0.00459031639014,0.00203692159154
1.91,hammer,RobotiQ 3-Finger Adaptive Gripper[reflex:distal_pad_2],6,0.0754157094431,0.00736472296902,0.0583074578955,0.0235265965557,0.984881997037,-0.100989078003,-6.22516546759,22.0041822749,-9.47314756544,0.000432801811368,0.00669000487207,-0.000131820929312
1.91,hammer,RobotiQ 3-Finger Adaptive Gripper[reflex:distal_pad_3],10,0.0491912660494,-0.0190064789789,0.0590116812619,0.0519978632424,-0.990769498611,-0.0978852509372,2.70597718959,-52.2829588452,-2.8993662591,-0.00253153407908,0.0563634597815,0.0043555103477
1.92,floor,hammer,3,0.266354290012,-0.0395364533799,-2.96066437765e-05,0.0,0.0,-0.998619149129,1.16324146098,-1.16539354609,4.2405528253,-2.07215914886e-06,-3.16155879482e-06,4.81036599753e-05
1.92,hammer,RobotiQ 3-Finger Adaptive Gripper[reflex:distal_pad_1],6,0.0243568217585,0.00838792222517,0.0658629889456,0.00364536542339,0.961380792575,-0.262665741457,4.00407456947,29.9542857654,6.64724954334,-0.00015201204614,-0.00239225832774,0.000597065028535
1.92,hammer,RobotiQ 3-Finger Adaptive Gripper[reflex:distal_pad_2],5,0.0761026304109,0.00735996829926,0.058884194451,-0.0036641077029,0.98383252727,-0.0662231982487,-6.56539002563,21.8143916478,-10.2422199077,0.000670479377286,0.00152645130472,-0.00077089757758
1.92,hammer,RobotiQ 3-Finger Adaptive Gripper[reflex:distal_pad_3],10,0.0492175056417,-0.0190161994904,0.059655162033,0.0477963749504,-0.990526158759,-0.0976825320578,3.59996500721,-52.6663102992,-0.932935250184,-0.00335682129844,0.0546740097223,0.00471149620862
1.93,floor,hammer,3,0.266183074407,-0.0393657428077,-2.96481446254e-05,0.0,0.0,-0.998619149129,0.960238998341,-0.96191184881,3.11999333807,1.18505526743e-06,1.0911474976e-07,5.30840694543e-06
1.93,hammer,RobotiQ 3-Finger Adaptive Gripper[reflex:distal_pad_1],6,0.0243733020077,0.00835428482636,0.0666396442041,0.00290501505413,0.961532751229,-0.262471379296,4.20971751536,29.8934403796,6.63937165921,-0.000109424039319,-0.000719649437749,0.000132712907647
1.93,hammer,RobotiQ 3-Finger Adaptive Gripper[reflex:distal_pad_2],6,0.0763456292716,0.00735484816928,0.0595433348754,-0.0180223114799,0.983337694663,-0.0739079707432,-6.61761785646,21.6084238486,-10.468878212,0.000539575746458,0.00350396296923,-0.000589968625261
1.93,hammer,RobotiQ 3-Finger Adaptive Gripper[reflex:distal_pad_3],9,0.0494449321272,-0.0189892265808,0.060349147102,0.031242038028,-0.9893160445,-0.103635905732,3.28039314409,-52.3341035894,-2.23885995802,-0.00311663525812,0.0578002399688,0.0041673116392
1.94,floor,hammer,3,0.266009509724,-0.0391948626428,-3.0571981039e-05,0.0,0.0,-0.998619149129,0.487829434884,-0.488535602827,4.54863316506,-1.15083953007e-07,-1.24843520897e-06,3.81363886445e-05
1.94,hammer,RobotiQ 3-Finger Adaptive Gripper[reflex:distal_pad_1],6,0.0238397108071,0.00839879910492,0.0677265212096,0.0297324679906,0.961268139133,-0.262465332924,4.78761673394,29.9016735097,6.66943368803,-0.000257754217656,-0.00254408260101,0.000670646774257
1.94,hammer,RobotiQ 3-Finger Adaptive Gripper[reflex:distal_pad_2],6,0.0757195699468,0.00736231926683,0.0603027740119,0.0155886281733,0.985954563074,-0.0965645711444,-6.29408380644,21.9470382507,-10.0064580025,0.000766886716164,0.0103153516518,-0.000242794616365
1.94,hammer,RobotiQ 3-Finger Adaptive Gripper[reflex:distal_pad_3],9,0.0497849296763,-0.0189494259348,0.0608217417212,0.0289818798288,-0.988050359418,-0.125096222447,1.97843876121,-52.3673693223,-0.967959661302,-0.000895765483354,0.0412186413647,0.00443724735278
1.95,floor,hammer,3,0.265834819097,-0.0390185303755,-3.05663512179e-05,0.0,0.0,-0.9988313814,0.427867533196,-0.42830896569,3.37015556417,1.41196104703e-06,4.23332451213e-07,2.04790140672e-05
1.95,hammer,RobotiQ 3-Finger Adaptive Gripper[reflex:distal_pad_1],6,0.0241700803607,0.0083210075073,0.0682879910776,0.0141026014842,0.959707378415,-0.269322983133,5.11482862397,29.4539277858,5.98004420257,0.000220711842409,0.0045290095613,-0.000939495979745
1.95,hammer,RobotiQ 3-Finger Adaptive Gripper[reflex:distal_pad_2],6,0.07591247253,0.00737836891046,0.0609993414692,0.0113097308995,0.980212741452,-0.0976817595637,-6.5894290594,22.0420827949,-9.35049800587,0.000441600354413,0.00407115689767,8.08785276266e-05
1.95,hammer,RobotiQ 3-Finger Adaptive Gripper[reflex:distal_pad_3],9,0.0496907795135,-0.0189493162877,0.0614263467275,0.0293802058501,-0.987828923632,-0.126921993939,1.84236240179,-52.0631597569,-2.54483430029,-0.000351843774787,0.0340127125725,0.00500609901401
1.96,floor,hammer,3,0.265657822585,-0.0388359444811,-3.14684879008e-05,0.0,0.0,-1.0,0.591221259943,-0.591221259943,4.69895333428,-1.64877895355e-06,-1.64877895338e-06,4.27211357896e-05
1.96,hammer,RobotiQ 3-Finger Adaptive Gripper[reflex:distal_pad_1],6,0.0246038060142,0.00823200516754,0.0689010502814,-0.0182979436359,0.963427256671,-0.258654363131,5.25558663191,29.9124359188,6.63598670052,-0.000358149464553,0.00142337709893,-0.000273375737695
1.96,hammer,RobotiQ 3-Finger Adaptive Gripper[reflex:distal_pad_2],6,0.0757121816374,0.00736130590461,0.0616215806535,0.0175244997042,0.986372655033,-0.090870903737,-6.34303987647,21.8597277651,-10.3419112795,0.000541226957464,0.0093315056518,0.000111199466917
1.96,hammer,RobotiQ 3-Finger Adaptive Gripper[reflex:distal_pad_3],9,0.0496330302402,-0.0189922979254,0.0622494913035,0.0316483724983,-0.987974547811,-0.120505277275,1.67475975285,-52.5133979136,-0.460005370625,-0.000733632604355,0.044976700875,0.00596358004596
1.97,floor,hammer,3,0.265479922492,-0.0386515208534,-3.13452931762e-05,0.0,0.0,-0.997450530529,0.696142313145,-0.698875583436,3.30972550919,9.13709303904e-08,2.66143942137e-07,1.52234916731e-05
1.97,hammer,RobotiQ 3-Finger Adaptive Gripper[reflex:distal_pad_1],6,0.0250717490045,0.00834527985507,0.0700344297772,-0.03126440775,0.963001293708,-0.247666494532,5.13848546916,29.9504177758,6.8997368635,-0.000231667580292,-0.00183526330083,0.000420774052143
1.97,hammer,RobotiQ 3-Finger Adaptive Gripper[reflex:distal_pad_2],6,0.0760248333974,0.00736203131428,0.0622271252517,0.0120421105632,0.985827493289,-0.0665704513192,-6.54333680657,21.5693483931,-10.410765535,0.000427626413551,0.0052489104671,0.000131664264233
1.97,hammer,RobotiQ 3-Finger Adaptive Gripper[reflex:distal_pad_3],9,0.0496267308496,-0.0189823055596,0.0628664560887,0.0294561492049,-0.98845224805,-0.121481221857,2.00170989488,-52.2721439376,-2.4074995981,-0.000548073218318,0.037716308685,0.00405375438426
1.98,floor,hammer,3,0.265302755858,-0.0384724830945,-3.2128099355e-05,0.0,0.0,-0.998619149129,1.00845409807,-1.01018533455,4.441923466,-1.32772453371e-06,-2.55743138136e-06,4.07557911835e-05
1.98,hammer,RobotiQ 3-Finger Adaptive Gripper[reflex:distal_pad_1],6,0.0250565892928,0.0082028437604,0.0704655081524,-0.0176630601236,0.963692166665,-0.257500931561,5.1420971102,29.9299041831,6.929719248,-0.000170344796068,0.00187897997455,-4.12988668282e-05
1.98,hammer,RobotiQ 3-Finger Adaptive Gripper[reflex:distal_pad_2],6,0.0758415998526,0.00736126108981,0.0628572965822,0.0169393247968,0.986269380654,-0.0621246607159,-6.41373086917,21.5953726758,-10.5849916857,0.000488836062349,0.00531961409822,0.000196228773323
1.98,hammer,RobotiQ 3-Finger Adaptive Gripper[reflex:distal_pad_3],9,0.0495918410746,-0.0189815157366,0.0635629704959,0.0302490590091,-0.988818807576,-0.113464003531,2.10203712613,-52.5338086478,-0.77362557287,-0.00294572467148,0.0557701201077,0.00506533627581
1.99,floor,hammer,2,0.265118501856,-0.0384597204906,-4.83431828212e-05,0.0,0.0,-0.995857447386,0.467628309551,-0.469573542657,3.15790641758,2.71017471517e-07,2.6989476752e-07,2.26219041778e-05
1.99,hammer,RobotiQ 3-Finger Adaptive Gripper[reflex:distal_pad_1],6,0.0248453068669,0.00815639346719,0.0712491508897,-0.0213211379761,0.964120031187,-0.255899000851,5.61650601508,29.802387341,6.95623895908,-0.000277677580853,9.36681581128e-05,2.12791329267e-05
1.99,hammer,RobotiQ 3-Finger Adaptive Gripper[reflex:distal_pad_2],6,0.0761339215892,0.00735796806059,0.0635220030321,0.00223500890559,0.986808650947,-0.0905734117364,-6.65617130438,21.6413023076,-10.2534788521,0.0002105242558,0.0072817191985,-0.000570844709447
1.99,hammer,RobotiQ 3-Finger Adaptive Gripper[reflex:distal_pad_3],9,0.0497248011262,-0.0189818207465,0.0640787528085,0.0192247151124,-0.988952637404,-0.116858113974,1.71753655751,-52.0319244756,-2.821495551,-0.000355591934174,0.0402193185499,0.00509692398102
2.0,floor,hammer,2,0.264935098098,-0.038282601488,-4.94932857338e-05,0.0,0.0,-0.997928723693,1.01531184098,-1.01701673029,4.45676154378,1.63081618982e-06,7.8146427461e-08,1.38152043614e-05
2.0,hammer,RobotiQ 3-Finger Adaptive Gripper[reflex:distal_pad_1],6,0.0252246468567,0.00812671175333,0.0719524493344,-0.0235362768634,0.961668436625,-0.266517817565,5.42019660763,29.4652286487,6.09849234211,-0.000222815652475,0.00265614577278,-0.000315987767438
2.0,hammer,RobotiQ 3-Finger Adaptive Gripper[reflex:distal_pad_2],6,0.0755528308506,0.00736635754089,0.0642445715714,0.0335166019228,0.985722229666,-0.0881934085254,-6.26272023551,21.3598732786,-11.0902473933,0.000683917799043,0.0121010717691,0.000186023386577
2.0,hammer,RobotiQ 3-Finger Adaptive Gripper[reflex:distal_pad_3],9,0.0499321398409,-0.0190252208035,0.065174257934,0.0199944846668,-0.989841446045,-0.0929793192076,1.67231805672,-51.6604148666,0.500857625103,-0.00273830488133,0.0575597968275,0.00280218313375
2.01,floor,hammer,2,0.264749340537,-0.0381042969281,-4.96623255496e-05,0.0,0.0,-0.997928723693,1.01911194229,-1.0207736564,2.73543345365,9.04504417943e-07,-1.9288021846e-08,1.6561342078e-06
2.01,hammer,RobotiQ 3-Finger Adaptive Gripper[reflex:distal_pad_1],6,0.0249708691135,0.00812207317194,0.0728696329023,-0.0209864559725,0.965209795116,-0.250302324986,5.97876318594,30.0951776557,7.43151349963,-8.99609982281e-05,-4.76989890042e-05,9.74737403224e-05
2.01,hammer,RobotiQ 3-Finger Adaptive Gripper[reflex:distal_pad_2],6,0.0757943794944,0.00735796278544,0.0646759878664,0.0324618301363,0.986898232615,-0.0205649049315,-6.42158147873,21.2358021644,-10.0622490423,0.000306654637817,0.00639928818401,0.000520711972508
2.01,hammer,RobotiQ 3-Finger Adaptive Gripper[reflex:distal_pad_3],9,0.0497716391302,-0.0190030559479,0.0655968101383,0.0184444464927,-0.989282376104,-0.110067420227,1.39233847267,-52.1414237926,-3.76779714074,-0.00106554291509,0.0427207326341,0.00439045747963
2.02,floor,hammer,2,0.264564155444,-0.037928428587,-5.06789174923e-05,0.0,0.0,-0.997928723693,1.36746246697,-1.36987417364,4.05212312427,1.37891132352e-06,-2.69610287018e-08,4.66827242229e-06
2.02,hammer,RobotiQ 3-Finger Adaptive Gripper[reflex:distal_pad_1],6,0.0250184039768,0.00810145951732,0.0736850781022,-0.0224519571002,0.965319737603,-0.249094088346,6.02925528621,30.1683427991,7.54667928652,-4.72168663789e-05,-0.000824132879747,0.00018170908105
2.02,hammer,RobotiQ 3-Finger Adaptive Gripper[reflex:distal_pad_2],6,0.076035892027,0.00735333391154,0.0654572018069,0.0152343090775,0.986579300322,-0.0576831317353,-6.50908829493,21.273787203,-11.2987039029,0.000320252579305,0.00673121106017,0.000216441243519
2.02,hammer,RobotiQ 3-Finger Adaptive Gripper[reflex:distal_pad_3],9,0.0496399906666,-0.0190435338872,0.0667622190036,0.04843710447,-0.990753237732,-0.0884525573959,1.65056693498,-52.5939020271,-0.979111872317,-0.00216881606685,0.0495763202921,0.00259849844193
2.03,floor,hammer,2,0.264382698818,-0.0377605172463,-5.06584071321e-05,0.0,0.0,-0.997928723693,0.487967461358,-0.488472880284,3.18535931237,1.08914035897e-06,4.95619583431e-09,2.56444157233e-05
2.03,hammer,RobotiQ 3-Finger Adaptive Gripper[reflex:distal_pad_1],6,0.0246087422329,0.00806514971104,0.0744163776057,0.00319019695575,0.960422421028,-0.268240955042,7.0858378835,29.2093035986,5.85444301302,0.000106579062345,0.00439854233108,-0.00093660608744
2.03,hammer,RobotiQ 3-Finger Adaptive Gripper[reflex:distal_pad_2],6,0.0757160752362,0.00734958704842,0.0661271292039,0.0310292236938,0.986300767959,-0.0811304256388,-6.21937835446,21.9726518038,-9.79800613737,0.000449968015813,0.0109720369546,6.13989932142e-05
2.03,hammer,RobotiQ 3-Finger Adaptive Gripper[reflex:distal_pad_3],9,0.0495694437348,-0.0190115442208,0.0670268725727,0.040565606864,-0.987036757585,-0.127633391725,-0.157439717446,-51.9004491561,-2.25560605647,-0.00154962191391,0.0414857635515,0.00513671255409
2.04,floor,hammer,2,0.264196660659,-0.0375913912702,-5.16260346108e-05,0.0,0.0,-0.995857447386,1.06424705345,-1.06867409211,4.44946420065,-1.49009910674e-08,-1.48392626845e-08,1.5055103093e-05
2.04,hammer,RobotiQ 3-Finger Adaptive Gripper[reflex:distal_pad_1],6,0.0251482880673,0.00810057556508,0.0753638528654,-0.0389393134851,0.960211477672,-0.258388040023,6.81235824517,29.4617605035,6.14267774415,-0.000388999615452,0.00677157524122,-0.00151240174321
2.04,hammer,RobotiQ 3-Finger Adaptive Gripper[reflex:distal_pad_2],6,0.0755142091291,0.00737024024224,0.0668789668907,0.0435506435288,0.979456549746,-0.108766548075,-6.27481096991,21.3313956953,-11.2046765823,0.000592383015213,0.00633404772558,6.52284123021e-05
2.04,hammer,RobotiQ 3-Finger Adaptive Gripper[reflex:distal_pad_3],9,0.0496193575565,-0.0190435018287,0.0679329102356,0.0454135888378,-0.989298019473,-0.104682750244,0.434530389021,-51.7873158275,0.495547105062,-0.00238572278994,0.0533496505587,0.00345633110535
2.05,floor,hammer,3,0.26400223515,-0.0375866747972,-3.44522534284e-05,0.0,0.0,-0.998619149129,0.821532748894,-0.823281823912,2.76503796342,4.8575371747e-08,2.67049553467e-09,1.24941081501e-05
2.05,hammer,RobotiQ 3-Finger Adaptive Gripper[reflex:distal_pad_1],6,0.0253410453841,0.00803539779353,0.0759983745107,-0.0548202785983,0.959036695303,-0.262822215715,7.16416614776,29.4842408487,6.22389999907,-0.000532119954277,0.00694154831557,-0.00168291153996
2.05,hammer,RobotiQ 3-Finger Adaptive Gripper[reflex:distal_pad_2],6,0.0755751979174,0.00736419295144,0.0675022549615,0.0475765376556,0.980005015891,-0.10624784744,-6.27657493009,21.681444744,-9.091335159,0.000396815149409,0.00659025138378,-5.31095174024e-05
2.05,hammer,RobotiQ 3-Finger Adaptive Gripper[reflex:distal_pad_3],9,0.049295151044,-0.0190655638479,0.0686292608532,0.0451209822402,-0.988492046711,-0.109307256804,0.00603182109226,-51.9906638202,-3.64135460403,-0.00255024130944,0.0621165731844,0.00529534080599
2.06,floor,hammer,3,0.263805080902,-0.0374173796781,-3.50733430614e-05,0.0,0.0,-0.998619149129,1.17392233597,-1.17615681048,3.9423204594,-3.42495813074e-07,-3.25838904409e-07,8.32852575039e-06
2.06,hammer,RobotiQ 3-Finger Adaptive Gripper[reflex:distal_pad_1],6,0.024969713747,0.00802254903842,0.0769471607321,-0.0258603985119,0.966145916292,-0.24506514381,7.80499631645,30.2898970902,7.81504436921,-0.000111287933879,0.00345299380704,-0.000491173793715
2.06,hammer,RobotiQ 3-Finger Adaptive Gripper[reflex:distal_pad_2],6,0.0760848556475,0.00735276642105,0.0680874704093,0.0190470944048,0.986571201973,-0.0737967595002,-6.38589180922,21.391973844,-11.2797798953,0.000187555355521,0.00754812277512,-0.000315356580214
2.06,hammer,RobotiQ 3-Finger Adaptive Gripper[reflex:distal_pad_3],9,0.0492054318094,-0.0190652898311,0.0693539383547,0.0555110960303,-0.988475878266,-0.109685477297,-0.362981795035,-52.679392901,-1.47950407224,-0.00284564759814,0.0529678239665,0.00385121592867
2.07,floor,hammer,3,0.263603246772,-0.0372462715379,-3.49848693752e-05,0.0,0.0,-0.998619149129,0.914716649707,-0.91659366324,2.91290526325,1.43772038537e-08,-7.66770185262e-08,9.8234855419e-06
2.07,hammer,RobotiQ 3-Finger Adaptive Gripper[reflex:distal_pad_1],6,0.0251138045615,0.00798282826822,0.0776674582245,-0.0284316109468,0.96464106254,-0.253670661572,7.78843686275,29.6377791992,6.64234383971,-0.000205608074456,-0.00143738711113,0.000342459630555
2.07,hammer,RobotiQ 3-Finger Adaptive Gripper[reflex:distal_pad_2],7,0.0763984473418,0.00734468358123,0.0687106373128,0.0207088063635,0.986856854032,-0.0188155358558,-6.02181811184,21.3273287566,-9.85179124304,9.88663727609e-05,0.0108912955898,0.000364016459859
2.07,hammer,RobotiQ 3-Finger Adaptive Gripper[reflex:distal_pad_3],9,0.0493343206024,-0.0190511559418,0.0697589752258,0.040617093098,-0.988015812265,-0.120386811902,-0.924116261582,-51.7983384376,-3.14106351097,-0.00205706759969,0.0432249057647,0.00616923364146
2.08,floor,hammer,3,0.263397205449,-0.0370722608482,-3.55926932313e-05,0.0,0.0,-0.998619149129,0.729186603077,-0.730807434455,4.41683767336,-8.78794089857e-07,-9.07133087263e-07,2.03343646747e-05
2.08,hammer,RobotiQ 3-Finger Adaptive Gripper[reflex:distal_pad_1],6,0.0254196345872,0.00792593347159,0.0782589427678,-0.0550602492141,0.955585218145,-0.276172308255,7.84319777134,29.0671031847,5.51492959386,-0.000224295385364,0.011842412305,-0.00301381402645
2.08,hammer,RobotiQ 3-Finger Adaptive Gripper[reflex:distal_pad_2],6,0.0759048216435,0.00734566794718,0.0693846601071,0.025835430324,0.987837487823,-0.0726828366219,-5.96362254099,22.560446366,-9.00121200072,0.000382815099447,0.0103907604132,-0.000108751105072
2.08,hammer,RobotiQ 3-Finger Adaptive Gripper[reflex:distal_pad_3],9,0.0496218807019,-0.0190457624708,0.0705266847687,0.0312750701702,-0.989209437654,-0.111153226355,-1.17679824542,-52.4599490584,-1.0145042672,-0.001261015085,0.038144189648,0.00397037134475
2.09,floor,hammer,3,0.263187678433,-0.0368903305196,-3.55499905236e-05,0.0,0.0,-0.998619149129,0.543165293337,-0.544529732535,2.97876095939,2.56666720576e-07,9.41734628955e-08,3.41775295291e-05
2.09,hammer,RobotiQ 3-Finger Adaptive Gripper[reflex:distal_pad_1],6,0.0256257091277,0.00782364529864,0.0788070529877,-0.0407048515836,0.949205490345,-0.30012832454,8.42830483503,29.0044028819,5.5432947821,1.44334208805e-05,0.0101245421139,-0.00235951765767
2.09,hammer,RobotiQ 3-Finger Adaptive Gripper[reflex:distal_pad_2],6,0.0753622059201,0.00736918695375,0.0702420446302,0.0511871554557,0.980338005739,-0.126115696961,-5.93961313796,22.5085745088,-9.0916442455,0.000372737173987,0.0145081080011,-0.000386104456822
2.09,hammer,RobotiQ 3-Finger Adaptive Gripper[reflex:distal_pad_3],9,0.0494938590455,-0.0190625070661,0.0713223473845,0.0473721480071,-0.989780957485,-0.0999057141818,-1.98197003287,-52.1139447531,-2.83595619445,-0.00299708373922,0.056360278126,0.00406032107864
2.1,floor,hammer,3,0.26297541045,-0.0366971938654,-3.61708362064e-05,0.0,0.0,-0.998619149129,0.752695924389,-0.754348875856,4.38784670044,-2.57105848025e-07,-3.55025639637e-07,3.01008505744e-05
2.1,hammer,RobotiQ 3-Finger Adaptive Gripper[reflex:distal_pad_1],6,0.0249068862838,0.00790103227545,0.0800607498596,-0.0138572648598,0.962242459657,-0.260839722556,8.81889174879,29.3720025214,6.24962596,-9.75700070665e-05,0.00730856898712,-0.00193313438566
2.1,hammer,RobotiQ 3-Finger Adaptive Gripper[reflex:distal_pad_2],7,0.0762727837252,0.00734446969539,0.0707127889767,0.0225277512532,0.988047019121,-0.0568573252921,-6.20609248976,22.5056939727,-8.60558765646,1.2787612179e-05,0.0123394114633,0.000126582896043
2.1,hammer,RobotiQ 3-Finger Adaptive Gripper[reflex:distal_pad_3],9,0.0493026884908,-0.0190778748476,0.0719653583099,0.0460786289309,-0.988877032726,-0.116131417089,-1.95673025428,-52.6228327705,-2.04186393124,-0.00197916193571,0.0475291340671,0.00641683372583
2.11,floor,hammer,3,0.262762618464,-0.0364959403056,-3.6089984333e-05,0.0,0.0,-0.998619149129,0.574063276727,-0.57546970393,2.80812202104,4.05976223113e-07,2.03782116166e-07,3.53587798199e-05
2.11,hammer,RobotiQ 3-Finger Adaptive Gripper[reflex:distal_pad_1],6,0.0247077080315,0.00786884334557,0.0808507465681,0.00209071107533,0.960737436288,-0.266282566959,9.23660998343,28.8587527212,5.51220159394,0.000133111603542,0.0110868945452,-0.0023901004842
2.11,hammer,RobotiQ 3-Finger Adaptive Gripper[reflex:distal_pad_2],7,0.0760035010915,0.00734001354343,0.0714019339028,0.0205589951332,0.989223214468,-0.0583802110824,-5.92209367382,22.3459443953,-7.52585392209,0.000210604208357,0.015167388404,0.000663464844995
2.11,hammer,RobotiQ 3-Finger Adaptive Gripper[reflex:distal_pad_3],8,0.0496329079033,-0.0190383844127,0.0725956060373,0.0562868004937,-0.987854942717,-0.11799393791,-2.4606524387,-52.0972781143,-4.34686801173,-0.00217077392826,0.039626418917,0.00514798715883
2.12,floor,hammer,3,0.262548091937,-0.0362883952345,-3.66624751472e-05,0.0,0.0,-0.998619149129,0.79715732838,-0.798870895775,4.36065067245,-2.86926122642e-07,-4.04401965146e-07,2.99874252251e-05
2.12,hammer,RobotiQ 3-Finger Adaptive Gripper[reflex:distal_pad_1],6,0.0249618150853,0.00783631137464,0.0816314487096,-0.0175659667621,0.962789888508,-0.260296615146,9.25536985649,29.3123062306,6.21078104956,-0.000180772170685,0.00565120688129,-0.00127045954015
2.12,hammer,RobotiQ 3-Finger Adaptive Gripper[reflex:distal_pad_2],7,0.0763634808314,0.00733914775703,0.072033175931,0.00998104892817,0.989169785236,-0.0525217141063,-6.28812766308,22.3860557595,-9.12593731062,-3.84520161345e-05,0.0111950545404,-0.000196391607133
2.12,hammer,RobotiQ 3-Finger Adaptive Gripper[reflex:distal_pad_3],9,0.0494936181447,-0.0190668927775,0.0733375171407,0.0559120068282,-0.988153240398,-0.119181754546,-2.10249455352,-52.738093565,-1.58828256463,-0.00219486801486,0.0417047949542,0.00591173262573
2.13,floor,hammer,3,0.262332215935,-0.0360742290362,-3.65685456007e-05,0.0,0.0,-0.998619149129,0.5332931375,-0.53464229546,3.21293888298,4.18845334741e-07,1.66703216737e-07,4.5362235562e-05
2.13,hammer,RobotiQ 3-Finger Adaptive Gripper[reflex:distal_pad_1],6,0.0258198609588,0.00776592568778,0.0821610883999,-0.064279658259,0.949524330668,-0.290049608412,9.28779185802,28.8139131467,5.44628285575,0.000112610986916,0.00688069117044,-0.001628977887
2.13,hammer,RobotiQ 3-Finger Adaptive Gripper[reflex:distal_pad_2],7,0.0762868892514,0.00735001584722,0.0727803293041,-0.0036646334994,0.985462602858,-0.0872424163756,-6.4075672165,22.8930262895,-8.21461802616,0.000141905809675,0.0103295398199,-0.000317885025011
2.13,hammer,RobotiQ 3-Finger Adaptive Gripper[reflex:distal_pad_3],8,0.0493592016142,-0.0190697643275,0.0739278491883,0.0554461527645,-0.986624897666,-0.125869844877,-2.33272710098,-52.3346498589,-3.32573340197,-0.00111156318706,0.0361376336705,0.00463190648434
2.14,floor,hammer,4,0.262761818415,-0.0358929262741,-2.78906424781e-05,0.0,0.0,-0.998087897897,1.00174115,-1.00590817755,3.97514890843,3.70607389705e-07,3.25779923011e-07,-1.72678182834e-05
2.14,hammer,RobotiQ 3-Finger Adaptive Gripper[reflex:distal_pad_1],7,0.0252604977758,0.00771080279612,0.0830052462057,-0.0416388418774,0.962152816317,-0.261709402371,9.43412830817,29.0582265574,6.09418496898,0.000148232679716,0.0131452833711,-0.00317725665837
2.14,hammer,RobotiQ 3-Finger Adaptive Gripper[reflex:distal_pad_2],6,0.0760880439866,0.00734402305001,0.0733237888383,0.00855245826775,0.987693435959,-0.0429260889549,-6.26713228433,22.310459058,-8.94891418525,0.000102210662288,0.00654279329246,0.000245347517009
2.14,hammer,RobotiQ 3-Finger Adaptive Gripper[reflex:distal_pad_3],9,0.0494574975055,-0.0190941663121,0.0746701103745,0.0467762921888,-0.988472442487,-0.119187326012,-2.21272655329,-52.6801713924,-2.02958482101,-0.00182344513227,0.0413655261371,0.00581455062476
2.15,floor,hammer,4,0.262544042977,-0.0356618403908,-2.52274164508e-05,0.0,0.0,-0.998087897897,0.803615434329,-0.806958301551,2.89544671651,0.0,0.0,0.0
2.15,hammer,RobotiQ 3-Finger Adaptive Gripper[reflex:distal_pad_1],7,0.0253199250891,0.00766933264548,0.0837940579343,-0.0499459289368,0.955309441806,-0.279280002069,9.66344881856,29.0442230398,6.13883939766,-0.000159464474722,0.0141764709088,-0.00311683548259
2.15,hammer,RobotiQ 3-Finger Adaptive Gripper[reflex:distal_pad_2],7,0.0758018596487,0.00733297592989,0.073862045125,0.0268326122138,0.991394931569,-0.0294209105783,-6.40398347386,22.3594040209,-8.59808411903,0.00012178952119,0.00881146271869,7.0509676259e-06
2.15,hammer,RobotiQ 3-Finger Adaptive Gripper[reflex:distal_pad_3],8,0.0498125072386,-0.0190565282115,0.0750451602452,0.02947409628,-0.98791361999,-0.118329094666,-2.48893779747,-52.0841883679,-3.92895945681,-0.00121513013932,0.0410423376524,0.00448845762462
2.16,floor,hammer,4,0.262326532093,-0.0354284669377,-2.42487733365e-05,0.0,0.0,-0.998087897897,1.00830622152,-1.01250055836,4.29394064069,1.5156389177e-07,1.23426509408e-07,-1.01945517039e-05
2.16,hammer,RobotiQ 3-Finger Adaptive Gripper[reflex:distal_pad_1],7,0.0254715277958,0.00760615531181,0.0844793334123,-0.0544927613315,0.955140274595,-0.279246596672,9.71158165101,29.0582662876,6.13778686541,-4.73528919356e-05,0.0107245591478,-0.00230848496635
2.16,hammer,RobotiQ 3-Finger Adaptive Gripper[reflex:distal_pad_2],7,0.0753839977118,0.00732619113777,0.0745114326255,0.0400671070931,0.991438591047,-0.030641712478,-6.09209158015,22.6541889181,-9.1651846798,0.000444070911629,0.0110782427834,-6.61677090959e-06
2.16,hammer,RobotiQ 3-Finger Adaptive Gripper[reflex:distal_pad_3],8,0.0494468585133,-0.0190895695388,0.0759175629785,0.0401484626581,-0.985887649663,-0.131877158959,-2.69326941375,-52.6507800682,-1.5703478826,-0.000789674864706,0.0311703601981,0.00304732007663
2.17,floor,hammer,4,0.262109400029,-0.0351916504359,-2.12045252977e-05,0.0,0.0,-0.998087897897,0.935113153787,-0.939003023215,2.80140019469,0.0,0.0,0.0
2.17,hammer,RobotiQ 3-Finger Adaptive Gripper[reflex:distal_pad_1],6,0.025628736487,0.00759206500403,0.0853336005285,-0.0558240397266,0.955197718899,-0.276613400379,9.60690480836,29.2146000331,6.62158675561,-0.000206186772535,0.00583990788534,-0.0012814213219
2.17,hammer,RobotiQ 3-Finger Adaptive Gripper[reflex:distal_pad_2],6,0.0762269103333,0.00733351788207,0.0753432653083,0.0138372761141,0.987606850731,-0.0404733184315,-6.40571851756,22.1633012244,-9.32656545957,0.000293354638441,0.00709005907597,4.3398034495e-05
2.17,hammer,RobotiQ 3-Finger Adaptive Gripper[reflex:distal_pad_3],9,0.0491246920606,-0.0191445369445,0.0768287682597,0.050807124075,-0.986122849109,-0.134354212866,-2.20033217232,-52.3600261539,-3.7383427013,-0.00184739972477,0.0424053448759,0.00532813375766
2.18,floor,hammer,4,0.262547760326,-0.0348324883545,-1.95132666439e-05,0.0,0.0,-0.99601662159,1.18529729708,-1.19022787869,4.17358708912,-6.47359331641e-07,-6.44677611718e-07,1.6449517464e-05
2.18,hammer,RobotiQ 3-Finger Adaptive Gripper[reflex:distal_pad_1],7,0.0254283169457,0.0075242239329,0.0861094947697,-0.054990171074,0.95537364369,-0.27851094405,9.91223371646,28.9482731033,6.23313019937,0.000451291036162,0.00868579673399,-0.00198618727694
2.18,hammer,RobotiQ 3-Finger Adaptive Gripper[reflex:distal_pad_2],6,0.0760931882135,0.00733002128176,0.0758048921665,0.0085051969284,0.991171889542,0.00203365105802,-6.33250993516,22.5138534006,-9.32571756845,0.000417681241133,0.00926719593091,0.000702155211988
2.18,hammer,RobotiQ 3-Finger Adaptive Gripper[reflex:distal_pad_3],8,0.0497965428175,-0.0191120020059,0.0772357641251,0.02648240587,-0.98774600191,-0.119277321516,-2.49699672545,-52.6476917875,-1.58608521166,-0.000705612088956,0.0360243345587,0.00405796027097
2.19,floor,hammer,4,0.26232940467,-0.0345993129078,-1.67973846024e-05,0.0,0.0,-0.99601662159,0.975995991665,-0.980055924899,2.66805768222,-2.08870586441e-07,-2.0800532905e-07,5.00995163876e-06
2.19,hammer,RobotiQ 3-Finger Adaptive Gripper[reflex:distal_pad_1],7,0.0255433930468,0.00746189225789,0.0867852176791,-0.0509571438276,0.957362666159,-0.27338726276,10.0831248268,29.0088195291,6.38368322635,0.000107182384829,0.00814457600702,-0.00195840010037
2.19,hammer,RobotiQ 3-Finger Adaptive Gripper[reflex:distal_pad_2],7,0.075545103175,0.00733128426234,0.0766457195148,0.0376512514691,0.987569888752,-0.0426839617781,-6.19259663757,22.4513946356,-9.35008850366,0.000494197880345,0.0126537314363,0.000222132600056
2.19,hammer,RobotiQ 3-Finger Adaptive Gripper[reflex:distal_pad_3],8,0.0497870791674,-0.0191348030752,0.0781126585946,0.0354737526687,-0.988388934772,-0.115474085785,-2.75074203609,-52.440089687,-3.62345342574,5.41770798818e-05,0.0288763104558,0.00363602302435
2.2,floor,hammer,4,0.262107532658,-0.0343669385622,-1.49710203073e-05,0.0,0.0,-0.99601662159,1.15635804239,-1.16116824293,4.07037547689,-7.831000204e-07,-7.79855987345e-07,1.77830440632e-05
2.2,hammer,RobotiQ 3-Finger Adaptive Gripper[reflex:distal_pad_1],7,0.0255930667396,0.00745120141087,0.0876277611148,-0.0422275537419,0.958887253215,-0.268423554363,10.2617042405,29.0162978414,6.4089787417,-5.32952338872e-05,0.00983568183126,-0.00216829626482
2.2,hammer,RobotiQ 3-Finger Adaptive Gripper[reflex:distal_pad_2],7,0.0760088871253,0.00733994748513,0.0773842205794,0.0113639117103,0.986241640409,-0.0757542624825,-6.3441624709,22.7267144613,-9.38315414662,0.000493180800568,0.00821194901354,0.000198013318533
2.2,hammer,RobotiQ 3-Finger Adaptive Gripper[reflex:distal_pad_3],8,0.0496969805214,-0.0191333385879,0.0787594448279,0.0442664613596,-0.987984686744,-0.117457608803,-2.80597861848,-52.7125966122,-1.89851751851,-0.000861218209718,0.0358312237466,0.00364306990438
2.21,floor,hammer,4,0.261882903162,-0.0341340940787,-1.20728741899e-05,0.0,0.0,-1.0,1.01241960556,-1.01241960556,2.7483290288,-2.31073741782e-07,-2.31073741873e-07,4.99233097365e-06
2.21,hammer,RobotiQ 3-Finger Adaptive Gripper[reflex:distal_pad_1],7,0.0257597180077,0.00734190891178,0.0882071779575,-0.0567124878369,0.954241180451,-0.280389857115,10.2655147855,29.1749143883,6.90769123362,0.000368608706812,0.00396767747351,-0.00134921207388
2.21,hammer,RobotiQ 3-Finger Adaptive Gripper[reflex:distal_pad_2],7,0.0760300854709,0.00732735958708,0.0779900749141,0.0169738618408,0.989574185723,-0.0541231844144,-6.38646845591,22.1675741983,-9.55571516676,0.000399836627541,0.00885576976902,5.8097569896e-05
2.21,hammer,RobotiQ 3-Finger Adaptive Gripper[reflex:distal_pad_3],8,0.0496244746129,-0.0191580997485,0.0794520371582,0.0441609388248,-0.987763814453,-0.119934804637,-2.81956121433,-52.3395304449,-3.8772891822,-0.000566660599505,0.0313413319202,0.00369763178996
2.22,floor,hammer,3,0.262087122246,-0.0339890568446,-1.45398295282e-05,0.0,0.0,-0.998619149129,1.49260271934,-1.49641849485,3.74261160939,-1.21122770412e-06,1.26252609131e-07,-3.22087613294e-07
2.22,hammer,RobotiQ 3-Finger Adaptive Gripper[reflex:distal_pad_1],7,0.0258001287036,0.0073747397389,0.089277412527,-0.0463651722209,0.962584729585,-0.253018812861,10.2191013223,29.6739135726,7.78634068293,0.000586853218477,-0.00363063527836,0.000438397990556
2.22,hammer,RobotiQ 3-Finger Adaptive Gripper[reflex:distal_pad_2],7,0.0759849428875,0.00732480191646,0.0784780537974,0.0141602724663,0.989823742503,-0.0148956177992,-6.28890072513,21.9493880706,-10.9771864164,0.000597863213632,0.00821242112238,0.000488518824998
2.22,hammer,RobotiQ 3-Finger Adaptive Gripper[reflex:distal_pad_3],8,0.0498349209108,-0.01914975528,0.0801380884334,0.0411343316832,-0.987697474401,-0.115076045443,-2.69557019009,-52.7601885747,-2.01070651216,-0.000916567900199,0.0330774718917,0.00352667594441
2.23,floor,hammer,3,0.261858631405,-0.0337648392799,-1.29249912691e-05,0.0,0.0,-0.998619149129,0.66122999518,-0.66340467337,2.81213753655,-2.34155068454e-06,-1.40416547514e-06,2.91092636102e-05
2.23,hammer,RobotiQ 3-Finger Adaptive Gripper[reflex:distal_pad_1],6,0.0255157369435,0.00742499677851,0.0903145553774,-0.0521671913076,0.956373791063,-0.272024346193,11.1051695387,28.1673364007,5.00451811612,8.76016176587e-05,0.0215777443035,-0.00493422087358
2.23,hammer,RobotiQ 3-Finger Adaptive Gripper[reflex:distal_pad_2],6,0.0759448594822,0.00731852176064,0.0792177885524,0.0216933871311,0.992106308906,-0.0206253209913,-6.27321489476,23.4276159119,-7.78641144442,0.000353261500274,0.00910905312456,0.000489551076954
2.23,hammer,RobotiQ 3-Finger Adaptive Gripper[reflex:distal_pad_3],9,0.0491747454103,-0.0192210388964,0.0810021117153,0.0573834410641,-0.987939667548,-0.120042201208,-3.90063709375,-52.5081346851,-3.71735217421,-0.00199702218829,0.0432945310283,0.00607277356823
2.24,floor,hammer,3,0.26162039858,-0.0335322514274,-1.22720245951e-05,0.0,0.0,-0.998619149129,1.30900989267,-1.3124718069,3.83856456128,-1.74374464849e-06,-3.7427870867e-07,9.17396290688e-06
2.24,hammer,RobotiQ 3-Finger Adaptive Gripper[reflex:distal_pad_1],6,0.0255704256018,0.00727649767037,0.0907841708322,-0.0502572202045,0.959279272379,-0.26622180629,11.0745515031,28.9988113026,6.55758149731,-4.85464898834e-05,0.00880868737946,-0.00191965616848
2.24,hammer,RobotiQ 3-Finger Adaptive Gripper[reflex:distal_pad_2],6,0.0762585144164,0.00732236863349,0.0797300341448,0.00779062458757,0.990763171733,0.014698426539,-6.49914725912,22.6195826377,-9.58509607406,0.000157080975179,0.0091188684739,0.000635724998504
2.24,hammer,RobotiQ 3-Finger Adaptive Gripper[reflex:distal_pad_3],9,0.0501177819075,-0.0191725643572,0.0813641340986,0.0101462288657,-0.987853736768,-0.123218849006,-3.4428959277,-52.7737297733,-2.06990957651,0.000699854360345,0.0360476883444,0.00423621127784
2.25,floor,hammer,2,0.262247662616,-0.0332896234179,-1.9039207685e-05,0.0,0.0,-0.997928723693,0.985233264444,-0.988105901242,2.54445864291,-8.52042216897e-07,-3.7256285413e-08,1.88901280444e-06
2.25,hammer,RobotiQ 3-Finger Adaptive Gripper[reflex:distal_pad_1],7,0.0256042812622,0.00718146394534,0.0913609232269,-0.0664956659778,0.95638505768,-0.26752748559,11.1960507135,28.8325020086,6.56228922791,0.000575481241196,0.0157706871,-0.00397671649941
2.25,hammer,RobotiQ 3-Finger Adaptive Gripper[reflex:distal_pad_2],6,0.0763494616849,0.00732752492499,0.080402208934,0.0105774575554,0.989844372711,0.0148468103268,-6.6011510919,22.4137672767,-8.96761785795,0.000185591705474,0.00857136280724,0.000777512502966
2.25,hammer,RobotiQ 3-Finger Adaptive Gripper[reflex:distal_pad_3],8,0.0497576544044,-0.0191916503688,0.0820536089141,0.0165319766277,-0.986336989464,-0.134700141351,-3.66800491967,-52.3046343548,-4.27386321191,0.000164591585079,0.0461660215642,0.00641217747965
2.26,floor,hammer,2,0.262004333964,-0.0330475163385,-2.07899709806e-05,0.0,0.0,-0.997928723693,1.05751592086,-1.06050985219,3.60641420163,-2.25345666873e-06,-9.86891847552e-07,1.88776089915e-05
2.26,hammer,RobotiQ 3-Finger Adaptive Gripper[reflex:distal_pad_1],7,0.0256325518151,0.00714770687759,0.0921686560642,-0.0488575798897,0.961428039484,-0.260854157514,11.3000620467,28.7414568915,6.55688370766,0.000661575000515,0.0201281090426,-0.0048617172175
2.26,hammer,RobotiQ 3-Finger Adaptive Gripper[reflex:distal_pad_2],6,0.0758930738982,0.00733527663648,0.0813017302667,0.0162681082654,0.986739300117,-0.0594396167719,-6.62129580513,23.0664040374,-8.78800702036,0.000426130998508,0.0074410169201,0.000789694241187
2.26,hammer,RobotiQ 3-Finger Adaptive Gripper[reflex:distal_pad_3],9,0.0498529792509,-0.0192110253197,0.0830651550519,0.0284630505034,-0.987619415489,-0.126738638999,-3.56440560546,-52.7731163937,-3.02752452251,0.00113855420716,0.0306724631484,0.0040329488765
2.27,floor,hammer,2,0.261757055422,-0.0328026734086,-2.14542726935e-05,0.0,0.0,-0.995857447386,0.928165930446,-0.932026900921,2.64768744911,-5.19073234998e-07,-5.1692294681e-07,8.58959231384e-06
2.27,hammer,RobotiQ 3-Finger Adaptive Gripper[reflex:distal_pad_1],6,0.0257760665457,0.00723370417252,0.0933220389146,-0.0603286736792,0.960750365636,-0.255097045357,11.1432097105,28.8908893267,6.72498782784,0.000445036443122,0.0167731438769,-0.00405612836675
2.27,hammer,RobotiQ 3-Finger Adaptive Gripper[reflex:distal_pad_2],6,0.0757276926233,0.0073529590888,0.0821105992377,0.0316037449697,0.982209391409,-0.0869793472057,-6.54912557737,22.6466096981,-9.4793003764,0.000621381049332,0.0101744396325,0.000843161158907
2.27,hammer,RobotiQ 3-Finger Adaptive Gripper[reflex:distal_pad_3],9,0.0495132935635,-0.0192333755795,0.0836598868352,0.0405436926108,-0.986866241074,-0.128442552809,-3.68015525633,-52.5541980518,-3.87366319435,-0.000536192806609,0.0401228474649,0.00452008534131
2.28,floor,hammer,3,0.261489947608,-0.0327240853098,-1.55009089671e-05,0.0,0.0,-0.998619149129,1.03028590617,-1.03235019318,3.88069005754,-3.1532399398e-07,-7.79969786751e-07,4.33459661717e-05
2.28,hammer,RobotiQ 3-Finger Adaptive Gripper[reflex:distal_pad_1],6,0.0258639247366,0.00707788590853,0.0936947201581,-0.0678750331191,0.9496900686,-0.293373151725,10.6551496639,27.7217723943,4.71744685262,-0.000483973865817,0.0293757407382,-0.00670008692672
2.28,hammer,RobotiQ 3-Finger Adaptive Gripper[reflex:distal_pad_2],7,0.0764503341429,0.00734868443429,0.082260781634,-0.00223844011994,0.990033659819,0.026236895345,-7.29395466458,24.222972438,-6.61443399355,0.000130207886967,0.0190086827298,0.00191649111783
2.28,hammer,RobotiQ 3-Finger Adaptive Gripper[reflex:distal_pad_3],9,0.0497350781675,-0.0192399719913,0.0844889787488,0.0293113614413,-0.98764728771,-0.125703560967,-2.3696719537,-52.8194899452,-3.07910587012,0.00040620747274,0.0350681663983,0.00375053504583
2.29,floor,hammer,3,0.261233377039,-0.0324858925675,-1.592228918e-05,0.0,0.0,-0.998619149129,0.688416984964,-0.689916303028,2.91518851647,-2.46448786728e-08,-6.66946843564e-07,3.67948821847e-05
2.29,hammer,RobotiQ 3-Finger Adaptive Gripper[reflex:distal_pad_1],6,0.025399749806,0.00707838577181,0.0946953118506,-0.0317967339799,0.95722999126,-0.275222731644,11.4464090574,27.8433805777,5.15900701563,-5.99145857696e-05,0.0188007140291,-0.0039513000589
2.29,hammer,RobotiQ 3-Finger Adaptive Gripper[reflex:distal_pad_2],6,0.076115549267,0.00735061887932,0.0832459814742,0.0168542130459,0.986902817029,-0.0389044652585,-6.76017982164,23.7375984797,-7.90561281688,0.000701861322452,0.0103685899772,0.000812885175244
2.29,hammer,RobotiQ 3-Finger Adaptive Gripper[reflex:distal_pad_3],9,0.0498530342077,-0.0192274736245,0.0848945458859,0.0224560596852,-0.987904194017,-0.120020362609,-4.0644582393,-52.0710674664,-3.63869652374,-0.000652516202192,0.0381510180455,0.00474077354181
2.3,floor,hammer,3,0.260972346049,-0.0322513679224,-1.70873464324e-05,0.0,0.0,-0.998619149129,0.93760240596,-0.939538736907,3.98379058403,-6.06639130617e-07,-1.15352422185e-06,6.00495498333e-05
2.3,hammer,RobotiQ 3-Finger Adaptive Gripper[reflex:distal_pad_1],6,0.025703895136,0.0070491380903,0.0954378539302,-0.0687611518167,0.953936878678,-0.277970595562,10.791884051,27.8406149799,5.20031122266,-0.000160595277226,0.0175610914523,-0.00399368275381
2.3,hammer,RobotiQ 3-Finger Adaptive Gripper[reflex:distal_pad_2],6,0.0762336268045,0.00735747366921,0.0839835647708,0.00752167142109,0.985516472009,-0.0551572468005,-6.95144099832,23.9615482126,-7.42917332922,0.000555111210479,0.0111575558828,0.000662869354549
2.3,hammer,RobotiQ 3-Finger Adaptive Gripper[reflex:distal_pad_3],9,0.0495166906215,-0.019254322767,0.0859479443802,0.0333983964937,-0.988847959287,-0.113672512365,-2.86923021592,-52.9000493525,-2.6968742346,-0.00236898921316,0.0562961977251,0.0066032789975
2.31,floor,hammer,3,0.260707266594,-0.0320195360724,-1.74971632233e-05,0.0,0.0,-0.998619149129,0.730845820904,-0.732394975854,2.9717918055,1.61487302319e-08,-6.91320049444e-07,3.55809239661e-05
2.31,hammer,RobotiQ 3-Finger Adaptive Gripper[reflex:distal_pad_1],5,0.0258779568232,0.00684275876121,0.0956919403425,-0.0700015523565,0.948439106466,-0.30177004044,10.665267065,27.7455136001,5.06047908586,-0.000399586681373,0.0121465401667,-0.00291685646285
2.31,hammer,RobotiQ 3-Finger Adaptive Gripper[reflex:distal_pad_2],7,0.0762993467695,0.00736263764822,0.084480158095,-0.00322295387836,0.990808224921,-0.0306796426252,-7.32444997035,23.6044580042,-8.10117274563,-0.000181319435617,0.0190190630318,0.000794165430587
2.31,hammer,RobotiQ 3-Finger Adaptive Gripper[reflex:distal_pad_3],9,0.0497528705431,-0.0192277884317,0.0863593762231,0.0184732438018,-0.988194076088,-0.119625205847,-2.47600758829,-52.3757016223,-3.35026299007,-0.000424157368497,0.0437720084776,0.00510908800487
2.32,floor,hammer,3,0.260437714926,-0.031796999354,-1.86305522729e-05,0.0,0.0,-0.998619149129,1.06390601988,-1.06601620021,4.21783687564,-6.98240272021e-07,-1.28209973984e-06,5.4950109133e-05
2.32,hammer,RobotiQ 3-Finger Adaptive Gripper[reflex:distal_pad_1],5,0.025995250867,0.00694991923069,0.0968724520104,-0.0907314477586,0.950734760783,-0.283024173734,10.5171136811,27.828874127,5.19211425704,-0.000429098231259,0.0129195554493,-0.00303273831836
2.32,hammer,RobotiQ 3-Finger Adaptive Gripper[reflex:distal_pad_2],7,0.0762402332679,0.00736624866904,0.0851172087564,0.00607520665806,0.989680594486,-0.00461106367334,-7.17564731486,23.8251582175,-7.72968895398,0.000289817032025,0.0120806597071,0.00152439627149
2.32,hammer,RobotiQ 3-Finger Adaptive Gripper[reflex:distal_pad_3],9,0.0500274827162,-0.0192117381059,0.0870313626326,0.00648590797138,-0.988436809168,-0.119090973775,-2.33363236837,-52.7408839554,-2.10253894201,0.000468501496966,0.0394505284951,0.00481230911063
2.33,floor,hammer,3,0.260167043105,-0.031584160198,-1.89737104261e-05,0.0,0.0,-0.998619149129,1.33427742169,-1.33676032223,2.55400580997,2.04014513425e-06,1.26760509657e-06,-4.83979985518e-05
2.33,hammer,RobotiQ 3-Finger Adaptive Gripper[reflex:distal_pad_1],6,0.0261544519163,0.00704286975906,0.0980478581794,-0.0626766919784,0.961116606809,-0.24948125401,11.2386555849,28.8501462858,7.15318086744,0.00153804085501,-0.00728648489842,-0.00012724461378
2.33,hammer,RobotiQ 3-Finger Adaptive Gripper[reflex:distal_pad_2],7,0.0765849148077,0.00736954905303,0.085637190537,0.000892905822031,0.987336656983,0.0273756441211,-7.02771207476,22.3408668147,-9.65363538119,0.000347166422128,0.00846712067338,0.000822942039824
2.33,hammer,RobotiQ 3-Finger Adaptive Gripper[reflex:distal_pad_3],9,0.049412747116,-0.0192541658968,0.0878645257665,0.0462639755573,-0.986551684759,-0.120237711786,-3.00560000605,-52.4523519545,-4.16282214316,-0.00217573294277,0.0498288779637,0.00579125216517
2.34,floor,hammer,3,0.259893151981,-0.0313847403543,-2.00465571961e-05,0.0,0.0,-0.998619149129,1.01905183501,-1.0210997926,4.29562565569,-1.08441983286e-06,-1.70446292285e-06,6.4439456201e-05
2.34,hammer,RobotiQ 3-Finger Adaptive Gripper[reflex:distal_pad_1],5,0.0255093626759,0.00691777413272,0.0986819251776,-0.042602938452,0.96082323384,-0.267171661503,10.6320364998,27.5710441791,5.16267010738,0.000630297416683,0.00617980320328,-0.00127910001853
2.34,hammer,RobotiQ 3-Finger Adaptive Gripper[reflex:distal_pad_2],7,0.076202690067,0.00736770187581,0.0865006408751,0.00506327371178,0.99071792573,-0.0180885930933,-6.86685520102,23.8411899454,-8.44549934593,0.000552304835299,0.0152861240461,0.00165984348293
2.34,hammer,RobotiQ 3-Finger Adaptive Gripper[reflex:distal_pad_3],9,0.0494953878693,-0.0192391148295,0.0886375135714,0.0464593198027,-0.98878129798,-0.116036375642,-2.80950521412,-52.1864751567,-1.39372212776,-0.00209499348467,0.0468045067243,0.00520997791493
2.35,floor,hammer,3,0.259615973819,-0.0311918186119,-2.03459821095e-05,0.0,0.0,-0.998619149129,0.655795973549,-0.657126537071,2.88718436867,3.50770887118e-07,-4.59601841747e-07,2.3996654674e-05
2.35,hammer,RobotiQ 3-Finger Adaptive Gripper[reflex:distal_pad_1],5,0.0254800388558,0.00686933565113,0.0994254685152,-0.0494438387851,0.954808404197,-0.284086811791,11.0350231621,27.6354288778,4.99018487356,-6.7394286235e-05,0.0166680061775,-0.00398910869745
2.35,hammer,RobotiQ 3-Finger Adaptive Gripper[reflex:distal_pad_2],7,0.07610597147,0.00736878829964,0.0872309770513,-0.000847642053637,0.990770193097,-0.0352868416274,-2.54841166634,23.4794518674,-8.17162736914,0.000470775203371,0.014107084399,0.00134377506619
2.35,hammer,RobotiQ 3-Finger Adaptive Gripper[reflex:distal_pad_3],9,0.0497051634803,-0.0192347885903,0.0891466529976,0.0221293662231,-0.987941025158,-0.121529881988,-7.7023731863,-51.9221273396,-3.21786993198,0.000283380414532,0.0360820524039,0.00378547708942
2.36,floor,hammer,3,0.259335210959,-0.0309988150584,-2.14292586434e-05,0.0,0.0,-0.998619149129,0.851554295014,-0.853309132176,4.32411022847,-1.3896053779e-06,-2.08285884344e-06,7.36951900117e-05
2.36,hammer,RobotiQ 3-Finger Adaptive Gripper[reflex:distal_pad_1],5,0.0256672984596,0.00678788505254,0.100048511423,-0.0668547886167,0.956674642249,-0.275934754837,10.2776105465,27.7101671399,5.44938932038,0.000562090030565,-0.00088911406318,0.000442938354296
2.36,hammer,RobotiQ 3-Finger Adaptive Gripper[reflex:distal_pad_2],7,0.0760497681912,0.00736802660272,0.0878907001448,0.00504038544155,0.991643455821,-0.0225871680082,-6.028368374,23.6832890006,-7.80502123123,0.000483042518079,0.017955656083,0.00181368115553
2.36,hammer,RobotiQ 3-Finger Adaptive Gripper[reflex:distal_pad_3],10,0.049468065749,-0.0192205460148,0.0898297829208,0.0556853584824,-0.984293322395,-0.13501290907,-3.48118411076,-52.4763005669,-2.23556572335,-0.00230476655565,0.0517019170899,0.00694380019083
2.37,floor,hammer,3,0.259053306328,-0.0308007487613,-2.16555020946e-05,0.0,0.0,-0.998619149129,0.776854274986,-0.778397598593,2.95265095414,3.74548597132e-07,-4.95594305673e-07,2.47140125852e-05
2.37,hammer,RobotiQ 3-Finger Adaptive Gripper[reflex:distal_pad_1],5,0.0257254941633,0.00685811594203,0.101168198833,-0.0427841313717,0.962427851716,-0.26061759436,10.1917378931,27.7033113185,5.81371707832,0.000922433567651,-0.00419281337256,0.00127867272067
2.37,hammer,RobotiQ 3-Finger Adaptive Gripper[reflex:distal_pad_2],7,0.0764635263059,0.00737988331207,0.0885103708227,-0.00777090203596,0.990834004213,-0.0188313463135,-4.69153166119,23.272824866,-8.15883757024,-0.000212722587637,0.0183209204013,0.000390914713973
2.37,hammer,RobotiQ 3-Finger Adaptive Gripper[reflex:distal_pad_3],10,0.0493889796207,-0.0192480302688,0.0906656226637,0.0495693549445,-0.988151627843,-0.122657715866,-4.66181810495,-51.8978144669,-3.94432683866,-0.00303535777951,0.0451908396351,0.00619230354063
2.38,floor,hammer,3,0.258767477985,-0.0306025186261,-2.2684761617e-05,0.0,0.0,-0.998619149129,0.80875810084,-0.810390217981,4.38194689005,-1.35119566262e-06,-2.10162574538e-06,6.80883276288e-05
2.38,hammer,RobotiQ 3-Finger Adaptive Gripper[reflex:distal_pad_1],5,0.0258786291691,0.00673745194933,0.101638847961,-0.0659539628251,0.958286937126,-0.270316688211,10.0597140586,27.7359425862,5.85803775893,0.000832166240182,-0.00855745301679,0.00217973683947
2.38,hammer,RobotiQ 3-Finger Adaptive Gripper[reflex:distal_pad_2],7,0.0767444446832,0.00739604230142,0.0893608954677,-0.0212982377775,0.986092172776,-0.0675163536403,-6.16685946318,23.5863250825,-8.55963047091,-7.56677407602e-05,0.0174658993794,-0.000505667412378
2.38,hammer,RobotiQ 3-Finger Adaptive Gripper[reflex:distal_pad_3],9,0.0496533333414,-0.0192148590328,0.0913097975397,0.0322370063373,-0.987619495931,-0.126837335412,-3.17696681826,-52.0993601187,-1.89979967032,-0.00130097816809,0.0448719242717,0.00584743043764
2.39,floor,hammer,3,0.258480509619,-0.0304058929904,-2.28255513001e-05,0.0,0.0,-0.998619149129,0.91849561841,-0.920308064386,2.77184722988,7.24811174965e-07,-2.15132673102e-07,1.18407570708e-05
2.39,hammer,RobotiQ 3-Finger Adaptive Gripper[reflex:distal_pad_1],5,0.0254347948901,0.00677707529596,0.10273263846,-0.049242092146,0.956542761352,-0.277915331766,10.7414384151,27.5684747759,5.25321505752,-3.41292696583e-05,0.0203120078359,-0.00482070781964
2.39,hammer,RobotiQ 3-Finger Adaptive Gripper[reflex:distal_pad_2],7,0.0762964363931,0.00739165269389,0.0897729353306,0.00126907391537,0.989311124598,0.00738715030952,-4.26055352615,23.3890230418,-7.99497487395,0.000354734549993,0.0131636172876,0.00172741036025
2.39,hammer,RobotiQ 3-Finger Adaptive Gripper[reflex:distal_pad_3],9,0.0497135865778,-0.0191996066401,0.0919432809237,0.0320226698725,-0.987563472008,-0.12711598415,-5.53810877366,-51.7673711371,-3.73244804044,-0.00151078705138,0.0445591757722,0.00553861108804
2.4,floor,hammer,3,0.258191355124,-0.0302067121598,-2.37711448375e-05,0.0,0.0,-0.998619149129,0.791441360125,-0.793015060239,4.56984892479,-1.55230589855e-06,-2.3309543466e-06,6.86575363883e-05
2.4,hammer,RobotiQ 3-Finger Adaptive Gripper[reflex:distal_pad_1],5,0.0258351275145,0.00679649194978,0.10355607167,-0.0418308113946,0.963273737522,-0.256407490529,10.2870054398,27.7467388661,5.95061276619,0.00122808273512,-0.00900914384804,0.00231984987829
2.4,hammer,RobotiQ 3-Finger Adaptive Gripper[reflex:distal_pad_2],7,0.0766358513438,0.00739087637888,0.0905733854767,-0.0195703320986,0.991021766743,-0.028636638011,-6.88163092296,23.6485368876,-8.5204748205,5.86098141528e-06,0.0192393323046,-0.000141392049797
2.4,hammer,RobotiQ 3-Finger Adaptive Gripper[reflex:distal_pad_3],10,0.0495642100521,-0.0191953820152,0.0925897360646,0.0332820269475,-0.987796637232,-0.127577133115,-2.87425296252,-51.8487733234,-1.87294074437,-0.00278758514306,0.0521482590634,0.00694706678229
2.41,floor,hammer,3,0.257900535279,-0.0300031128533,-2.38639795053e-05,0.0,0.0,-0.998619149129,0.927933822424,-0.929734581264,2.92890226458,6.60602625764e-07,-3.1894874927e-07,1.4573093926e-05
2.41,hammer,RobotiQ 3-Finger Adaptive Gripper[reflex:distal_pad_1],5,0.0261842741898,0.00674278571374,0.104181756614,-0.0991535209178,0.951612727607,-0.278412424113,10.2683508608,27.5697613117,5.48555199315,-0.00054912236545,0.0106867450541,-0.00245887916473
2.41,hammer,RobotiQ 3-Finger Adaptive Gripper[reflex:distal_pad_2],7,0.0764850479954,0.007396320651,0.0911334963311,-0.00337660591351,0.990356983843,-0.00418618848818,-5.71416403046,23.392542631,-8.05150286321,-8.91529866356e-05,0.0181339016353,0.000814030622172
2.41,hammer,RobotiQ 3-Finger Adaptive Gripper[reflex:distal_pad_3],10,0.0492394390958,-0.0192325460106,0.0934248710038,0.0499829626359,-0.988093205414,-0.122134866317,-3.75407642668,-51.9379959004,-3.83434378131,-0.00310217480021,0.0565742843046,0.00649555324498
2.42,floor,hammer,3,0.257606196262,-0.0297998405371,-2.48097477119e-05,0.0,0.0,-0.998619149129,1.20083552985,-1.20313212219,4.24512612955,-1.46871425191e-06,-2.29049226776e-06,5.66820946006e-05
2.42,hammer,RobotiQ 3-Finger Adaptive Gripper[reflex:distal_pad_1],5,0.0260972089437,0.00662897432726,0.10473340266,-0.070216537426,0.959963545656,-0.263716141326,9.92623331793,27.754095486,6.00196954292,0.00110486759537,-0.0143240736804,0.00328189339164
2.42,hammer,RobotiQ 3-Finger Adaptive Gripper[reflex:distal_pad_2],7,0.0764559004184,0.00738362762812,0.0917331071833,0.0111755737781,0.987696152483,0.0367023656817,-5.72298545558,23.0662994248,-8.63710055671,0.000268513229208,0.0116165390827,0.00150829146027
2.42,hammer,RobotiQ 3-Finger Adaptive Gripper[reflex:distal_pad_3],9,0.0497932420029,-0.0191841332007,0.0938145466683,0.0200347756559,-0.986996728292,-0.129959478389,-3.18445831087,-52.1370278064,-2.13018450022,-0.00167163184793,0.0434378301841,0.00471673540387
2.43,floor,hammer,3,0.257310035863,-0.0295961629658,-2.48049717601e-05,0.0,0.0,-0.998619149129,0.919015873845,-0.920782169313,2.81384894272,1.08108391249e-06,6.068336518e-08,4.95058382361e-06
2.43,hammer,RobotiQ 3-Finger Adaptive Gripper[reflex:distal_pad_1],5,0.0262169221558,0.00664355885447,0.105637183183,-0.0870939100971,0.953937586504,-0.278318519506,9.98696912655,27.5039915427,5.51159872257,-0.000787731856518,0.0143272701994,-0.00327928553947
2.43,hammer,RobotiQ 3-Finger Adaptive Gripper[reflex:distal_pad_2],7,0.0767546354864,0.00739368515706,0.0923692615529,-0.00682195840003,0.989249849915,0.0194527512955,-2.89160525308,23.1940639449,-8.23953970801,0.000106214222396,0.0192227716729,0.00145525175954
2.43,hammer,RobotiQ 3-Finger Adaptive Gripper[reflex:distal_pad_3],9,0.0496187773752,-0.0191852612814,0.0946983450696,0.0330008425149,-0.987654076665,-0.125867365532,-6.25739683358,-51.7786594985,-3.71088995055,-0.0011120562125,0.0451667905587,0.00607976837987
2.44,floor,hammer,3,0.257009094708,-0.0293953559935,-2.57240447561e-05,0.0,0.0,-0.998619149129,1.19001354771,-1.19229449592,4.16837763905,-1.75547441015e-06,-2.65004774525e-06,6.18365925891e-05
2.44,hammer,RobotiQ 3-Finger Adaptive Gripper[reflex:distal_pad_1],5,0.026298206014,0.00664715780015,0.106478789927,-0.082768946706,0.955321962442,-0.27598586929,9.87780542941,27.515578699,5.59745570429,-0.000707916293474,0.0154364862934,-0.00368792822651
2.44,hammer,RobotiQ 3-Finger Adaptive Gripper[reflex:distal_pad_2],7,0.076777095681,0.00740093888719,0.0931580111999,-0.00908698184078,0.985429700082,-0.011166631351,-3.25760114214,23.2861874774,-8.98873931178,8.95988776887e-05,0.0178884252152,0.0012316989668
2.44,hammer,RobotiQ 3-Finger Adaptive Gripper[reflex:distal_pad_3],9,0.0492841110193,-0.0192201503675,0.0954419204034,0.0357899008225,-0.988416204876,-0.120901068635,-5.6634685514,-51.8239758605,-1.48765358083,-0.00289068649027,0.0549782271745,0.00789627493693
2.45,floor,hammer,3,0.256707015784,-0.0291975699747,-2.56219326307e-05,0.0,0.0,-0.998619149129,0.982271012784,-0.984131666299,2.77678590891,1.07634495393e-06,6.13374153634e-08,3.04634994456e-06
2.45,hammer,RobotiQ 3-Finger Adaptive Gripper[reflex:distal_pad_1],5,0.0261453785998,0.00657565162873,0.107180323845,-0.0709216112654,0.9614054507,-0.258680681911,9.76210567619,27.6930730529,6.18844396,0.000991558457086,-0.0131483884068,0.00288315460338
2.45,hammer,RobotiQ 3-Finger Adaptive Gripper[reflex:distal_pad_2],7,0.0767637009586,0.00739544541789,0.0937154647644,-0.00814374620956,0.989622260481,0.0152991279368,-4.57124012188,23.1209465224,-8.32344323655,0.0001349658999,0.0209934560076,0.00102586156194
2.45,hammer,RobotiQ 3-Finger Adaptive Gripper[reflex:distal_pad_3],9,0.0493751817318,-0.0192258318774,0.0962282026345,0.0490310507988,-0.985590261286,-0.126426381262,-4.21204529522,-51.7173749043,-4.29850833392,-0.00377753480812,0.0562841962189,0.00526202586459
2.46,floor,hammer,3,0.25640234823,-0.0290041876878,-2.64403140278e-05,0.0,0.0,-0.998619149129,1.07446663557,-1.07654968627,4.19618031962,-2.27936528253e-06,-3.20552686163e-06,6.88636915587e-05
2.46,hammer,RobotiQ 3-Finger Adaptive Gripper[reflex:distal_pad_1],5,0.026489596788,0.00654014607388,0.107822388157,-0.0862107735633,0.955900605531,-0.273001122906,9.84587454475,27.4294737635,5.55124402963,-0.000569565274865,0.0110413034133,-0.00258214956093
2.46,hammer,RobotiQ 3-Finger Adaptive Gripper[reflex:distal_pad_2],7,0.0766075603716,0.0073858839483,0.0945376826794,0.0100480881005,0.985643781546,0.000181378449406,-5.41596383413,23.4776475206,-8.05213066555,0.000434783006011,0.00816165310242,0.00114942443144
2.46,hammer,RobotiQ 3-Finger Adaptive Gripper[reflex:distal_pad_3],9,0.0496885720234,-0.0191935105915,0.0967728949356,0.0249743685795,-0.988228944378,-0.125093577653,-3.45847934674,-52.0814955195,-2.2862282228,-0.00258567793612,0.0437617991311,0.0066367097676
2.47,floor,hammer,3,0.256094806206,-0.0288105373881,-2.62739427105e-05,0.0,0.0,-0.998619149129,1.00676378605,-1.00864758277,2.69594960596,1.0529023737e-06,6.73900642125e-08,3.43832956709e-06
2.47,hammer,RobotiQ 3-Finger Adaptive Gripper[reflex:distal_pad_1],5,0.0259821292437,0.00648935395832,0.108715593838,-0.0866566049224,0.948988967126,-0.291617320569,9.83956885787,27.3727039545,5.70926510268,-0.00035648327258,0.009628938661,-0.0024821148563
2.47,hammer,RobotiQ 3-Finger Adaptive Gripper[reflex:distal_pad_2],7,0.076446067992,0.00738569332329,0.0952475997499,0.00570376745053,0.986627989142,-0.0238769885501,-1.64221502161,22.9641698997,-8.02958722302,0.000684078184818,0.0127738071825,0.00136235908318
2.47,hammer,RobotiQ 3-Finger Adaptive Gripper[reflex:distal_pad_3],9,0.0492279072767,-0.0192455995676,0.0976745653338,0.0368591351236,-0.98579616698,-0.127081908874,-7.20561520668,-51.2086114049,-4.17046170015,-0.0033790887204,0.054753524343,0.00667013525617
2.48,floor,hammer,3,0.255787862883,-0.0286228642919,-2.70218827375e-05,0.0,0.0,-0.998619149129,1.47506863408,-1.47774125669,4.15055930224,-2.45723360148e-07,-1.20711190433e-06,2.28966883639e-05
2.48,hammer,RobotiQ 3-Finger Adaptive Gripper[reflex:distal_pad_1],5,0.0263388165175,0.00655573987565,0.109662837946,-0.0711713855671,0.964559086153,-0.247850593531,9.73027746119,27.709515114,6.25963916283,0.000934796605285,-0.0146043953478,0.00315166817951
2.48,hammer,RobotiQ 3-Finger Adaptive Gripper[reflex:distal_pad_2],7,0.0768650597644,0.00738806083634,0.0956677911955,0.00133793868649,0.986037914559,0.0506631886548,-1.02096303572,22.7655002771,-10.8966729989,-0.000116143974277,0.0108299699154,0.000645561424457
2.48,hammer,RobotiQ 3-Finger Adaptive Gripper[reflex:distal_pad_3],9,0.0494368607793,-0.0192017991019,0.0982629203932,0.0344849182029,-0.987606362867,-0.120939459622,-7.47538728931,-51.6080135195,-0.2121192645,-0.00362343208016,0.0479962546825,0.00600861982827
2.49,floor,hammer,3,0.255484187578,-0.0284427095492,-2.67244950009e-05,0.0,0.0,-0.997238298257,1.19031258649,-1.19526403063,2.54544847988,-5.43437498447e-08,-5.41186278714e-08,-1.30915045885e-06
2.49,hammer,RobotiQ 3-Finger Adaptive Gripper[reflex:distal_pad_1],5,0.0264431944321,0.00647717691599,0.110245275749,-0.0811067058964,0.960956056872,-0.257962128608,9.59037891421,27.4919268107,6.03057891056,0.00118526536563,-0.0152390841059,0.00335614769085
2.49,hammer,RobotiQ 3-Finger Adaptive Gripper[reflex:distal_pad_2],7,0.0764904922698,0.0073845799654,0.0963471841134,0.00784188927205,0.98675123783,0.0352405893048,-0.705342754731,22.6303045525,-9.60091904203,0.000304332056841,0.0111615357885,0.00133501410943
2.49,hammer,RobotiQ 3-Finger Adaptive Gripper[reflex:distal_pad_3],9,0.0490832767868,-0.0192340520879,0.0989658828143,0.0555274337546,-0.987414555671,-0.118386640205,-7.70040461803,-51.5850842304,-3.25785794121,-0.00403043965274,0.0567061295349,0.00749245994669
2.5,floor,hammer,3,0.255180299697,-0.0282676817802,-2.73885430027e-05,0.0,0.0,-0.997238298257,1.25136421722,-1.25647448865,4.0354626659,-3.58140827313e-06,-2.80310678746e-06,5.51354617803e-05
2.5,hammer,RobotiQ 3-Finger Adaptive Gripper[reflex:distal_pad_1],5,0.0266888982582,0.00649779607571,0.111127029214,-0.0903208356314,0.960470167045,-0.254458384118,9.60253246068,27.5484541378,6.07275195884,0.00144875895422,-0.0180315331559,0.00391287344696
2.5,hammer,RobotiQ 3-Finger Adaptive Gripper[reflex:distal_pad_2],7,0.0759331479739,0.00737179999607,0.0970895900648,0.0240078165857,0.987650170608,0.013445608241,-0.269581818187,23.16632986,-8.63570404841,0.000682834376442,0.021635711071,0.00195139603987
2.5,hammer,RobotiQ 3-Finger Adaptive Gripper[reflex:distal_pad_3],9,0.0492644607724,-0.0192172081618,0.0997337495912,0.049595133059,-0.987395551716,-0.122730969788,-8.0829010492,-52.0686534371,-2.26133428579,-0.0026827437819,0.0460299019285,0.00675354316289
2.51,floor,hammer,3,0.254873469016,-0.0280946018775,-2.69609504782e-05,0.0,0.0,-0.998619149129,1.14526491328,-1.14739125822,2.72984266172,9.19736079977e-07,-7.69107524367e-08,4.39407758725e-07
2.51,hammer,RobotiQ 3-Finger Adaptive Gripper[reflex:distal_pad_1],5,0.0262364069358,0.00636256167952,0.111728167615,-0.100610395181,0.953333594223,-0.273362734619,9.66835572381,27.6385929283,6.42054917235,0.00117412327559,-0.018859868947,0.00423680250862
2.51,hammer,RobotiQ 3-Finger Adaptive Gripper[reflex:distal_pad_2],7,0.0766104616011,0.00736523141647,0.0976642082829,0.0116731073835,0.988528977626,0.0195404326726,-0.713771051057,22.542337485,-10.0713632437,0.000509107374982,0.00992357954419,0.00082473980911
2.51,hammer,RobotiQ 3-Finger Adaptive Gripper[reflex:distal_pad_3],9,0.0490212062755,-0.0192326798747,0.100547415088,0.0630656220751,-0.98761245335,-0.117891109021,-7.77016366839,-51.3360820199,-2.85334825906,-0.00349636183819,0.0417415402739,0.0046779517841
2.52,floor,hammer,3,0.254560264988,-0.0279201024075,-2.75951854296e-05,0.0,0.0,-0.9988313814,1.23222972791,-1.234187696,3.97548350922,-2.10325927315e-06,-3.01624116722e-06,5.34512940894e-05
2.52,hammer,RobotiQ 3-Finger Adaptive Gripper[reflex:distal_pad_1],5,0.0267708569284,0.00640000052777,0.112498734088,-0.106159101643,0.950769489658,-0.279186846806,9.8081788417,27.1868725958,5.42079436044,-0.00052910471101,0.0115133675465,-0.00296634198874
2.52,hammer,RobotiQ 3-Finger Adaptive Gripper[reflex:distal_pad_2],7,0.0763768083965,0.00737076776625,0.0982502917231,0.00560940342733,0.993069873953,0.0318951966502,-0.46276607781,23.1300041968,-9.09918557522,0.000535754058851,0.0190068754565,0.00233425993963
2.52,hammer,RobotiQ 3-Finger Adaptive Gripper[reflex:distal_pad_3],9,0.0492590151391,-0.0192152471395,0.101152578692,0.0660884952428,-0.986692982994,-0.12210375253,-8.13341007664,-51.6012063957,-1.34593376266,-0.00310664380484,0.039634461213,0.00520359156011
2.53,floor,hammer,3,0.254239269363,-0.0277350502831,-2.71613070982e-05,0.0,0.0,-1.0,1.21681236512,-1.21681236512,2.54892277369,-9.27407246667e-08,-9.27407246801e-08,-2.89071072493e-06
2.53,hammer,RobotiQ 3-Finger Adaptive Gripper[reflex:distal_pad_1],5,0.0270693309574,0.0064939766362,0.11353438407,-0.12492113734,0.95183994533,-0.268172088561,9.42119300595,27.3068133404,5.79266995895,-0.000665188830608,0.00961809526744,-0.00226213769842
2.53,hammer,RobotiQ 3-Finger Adaptive Gripper[reflex:distal_pad_2],7,0.0762447959839,0.00735362603486,0.0988823410652,0.0321007114335,0.986306148253,0.0944103439539,-0.286360929444,22.6433866251,-9.48614909845,0.000314168231465,0.0164708904661,0.00188724550998
2.53,hammer,RobotiQ 3-Finger Adaptive Gripper[reflex:distal_pad_3],9,0.0489730514491,-0.0192412345624,0.101799983276,0.0519968661507,-0.985903339788,-0.126114576752,-7.92694670227,-51.2716127428,-3.07914390815,-0.000882708420506,0.038162548178,0.00506683844042
2.54,floor,hammer,3,0.253909597978,-0.0275395547227,-2.77918535646e-05,0.0,0.0,-0.9988313814,1.40235940095,-1.40453380797,3.93863852812,-9.94644884504e-07,-1.95796261604e-06,3.27432633624e-05
2.54,hammer,RobotiQ 3-Finger Adaptive Gripper[reflex:distal_pad_1],5,0.0268917804809,0.00642150740689,0.114262052284,-0.112175487668,0.958722453053,-0.250578620624,9.56532364206,27.6751199341,6.42310453551,0.0013042094641,-0.0139321000211,0.00271368827811
2.54,hammer,RobotiQ 3-Finger Adaptive Gripper[reflex:distal_pad_2],7,0.0758516244129,0.0073463189795,0.0997652188739,0.0413380528464,0.988156390097,0.0609714144227,-0.0455172797611,22.7006132339,-9.32633659618,0.000479195044116,0.0204695779599,0.0018031046151
2.54,hammer,RobotiQ 3-Finger Adaptive Gripper[reflex:distal_pad_3],9,0.0493957419812,-0.0191903020222,0.102212655375,0.0460800230079,-0.98566298358,-0.118860473949,-8.26763019093,-51.7162322596,-2.08732809883,-0.00100602235577,0.0458876984942,0.00708404468732
2.55,floor,hammer,3,0.253577370961,-0.0273340169167,-2.73199680262e-05,0.0,0.0,-0.998619149129,1.19208592007,-1.19422880727,2.65563636544,8.22302181386e-07,-1.42263145578e-07,-1.8592841757e-06
2.55,hammer,RobotiQ 3-Finger Adaptive Gripper[reflex:distal_pad_1],5,0.0264750552782,0.00630476117879,0.114947699407,-0.102030724997,0.952823934709,-0.274014538406,9.83402494881,27.2147938003,5.71873150908,-0.000278146083913,0.00814112645898,-0.00204112357642
2.55,hammer,RobotiQ 3-Finger Adaptive Gripper[reflex:distal_pad_2],7,0.0760683605914,0.00736256263486,0.100179548402,0.0251926252403,0.987080533969,0.0925637766964,-5.01780751083,22.6045571397,-6.7166525389,0.000312108424431,0.0273911189308,0.00297584001373
2.55,hammer,RobotiQ 3-Finger Adaptive Gripper[reflex:distal_pad_3],9,0.0493496676555,-0.0191830053747,0.103078043866,0.0432686838733,-0.984804731516,-0.137230201466,-3.63246227633,-50.5347450535,-5.53162795032,-0.00258181152595,0.0513921370439,0.00845655695348
2.56,floor,hammer,3,0.253241461596,-0.0271255638364,-2.79114271311e-05,0.0,0.0,-0.998619149129,1.20426004521,-1.20643741801,4.13534213271,-1.71939366642e-06,-2.9008688957e-06,4.9315159131e-05
2.56,hammer,RobotiQ 3-Finger Adaptive Gripper[reflex:distal_pad_1],4,0.0262191947075,0.00635377521603,0.116014433882,-0.0970949808282,0.956783678382,-0.260189947825,9.90067902811,27.1413905431,5.48850165002,-3.67223169934e-05,0.00536903789408,-0.00130011699574
2.56,hammer,RobotiQ 3-Finger Adaptive Gripper[reflex:distal_pad_2],7,0.0759372359696,0.00734163375609,0.101043621009,0.0446694903744,0.987457323928,0.0573329462636,-0.104341608932,23.0003057691,-7.91744121981,0.000352919101231,0.0215841030498,0.00266706025281
2.56,hammer,RobotiQ 3-Finger Adaptive Gripper[reflex:distal_pad_3],10,0.0492834988851,-0.0191971732756,0.103839066165,0.047440236342,-0.986936022911,-0.127965064938,-8.67860024834,-51.2008687781,-2.26818283258,-0.00165579064811,0.0431823377161,0.00675291468562
2.57,floor,hammer,2,0.252884127941,-0.0270702992839,-4.16526126375e-05,0.0,0.0,-0.997928723693,1.24917672412,-1.25139714947,2.36539594797,5.89509149572e-07,-2.60072954749e-07,-7.92766933012e-06
2.57,hammer,RobotiQ 3-Finger Adaptive Gripper[reflex:distal_pad_1],5,0.0263287005759,0.0062372349028,0.116537597901,-0.103432529318,0.953753749825,-0.269443052577,9.74204945558,27.1877473061,5.83225168142,-0.000136504241215,0.00635077573096,-0.00158841556457
2.57,hammer,RobotiQ 3-Finger Adaptive Gripper[reflex:distal_pad_2],7,0.0760054188675,0.00735798651327,0.101544264028,0.0414747533452,0.986317234721,0.0940699392489,-1.94790914208,23.006366227,-8.76744350079,0.000645909693578,0.0227507741971,0.00246291971182
2.57,hammer,RobotiQ 3-Finger Adaptive Gripper[reflex:distal_pad_3],9,0.0496168586156,-0.0191694146009,0.104327813362,0.0365250768154,-0.98791574586,-0.106723740635,-6.57054811885,-51.3789165843,-3.97947353719,-0.00283933277909,0.0695856516037,0.00672910223942
2.58,floor,hammer,2,0.252540011475,-0.0268472794655,-4.26738819548e-05,0.0,0.0,-0.997928723693,1.38004317994,-1.38256403185,4.28059136724,1.55340860204e-06,-3.05745937726e-08,5.98639543973e-06
2.58,hammer,RobotiQ 3-Finger Adaptive Gripper[reflex:distal_pad_1],5,0.026373961323,0.00622827691012,0.117385692697,-0.109253453483,0.950876177449,-0.274925950662,9.75324161419,27.1353030074,5.64067808364,-0.000214372564445,0.00585888284414,-0.00125148996819
2.58,hammer,RobotiQ 3-Finger Adaptive Gripper[reflex:distal_pad_2],7,0.0766987718628,0.00736585347702,0.102273804321,0.0227344545798,0.984957079292,0.0765858357136,-5.45656694239,23.2043053676,-8.90817127434,8.38341715007e-05,0.016624999778,0.00166893328862
2.58,hammer,RobotiQ 3-Finger Adaptive Gripper[reflex:distal_pad_3],9,0.0494276996042,-0.0191699826327,0.105025303828,0.0478397337442,-0.986531383776,-0.128043709106,-3.11697463109,-51.5539925983,-1.52000485519,-0.00247520002539,0.0475605140538,0.0075268465206
2.59,floor,hammer,2,0.252193445936,-0.0266210366205,-4.26743828028e-05,0.0,0.0,-0.997928723693,0.923141718641,-0.924647454102,2.69925316806,1.01514045169e-06,3.54772526962e-08,7.27901911151e-06
2.59,hammer,RobotiQ 3-Finger Adaptive Gripper[reflex:distal_pad_1],5,0.026311925552,0.00619055992334,0.118212666677,-0.113021329687,0.949821876944,-0.27751336084,9.57302501466,27.0634891528,5.77633562588,-0.000267771851264,0.0100641388197,-0.00228024827886
2.59,hammer,RobotiQ 3-Finger Adaptive Gripper[reflex:distal_pad_2],7,0.0765736298915,0.00733965719339,0.103052355639,0.0159923708142,0.988148260212,0.0532098736913,-1.5024812054,22.8692653319,-7.6770994211,0.000259426547918,0.019176438534,0.00140410563467
2.59,hammer,RobotiQ 3-Finger Adaptive Gripper[reflex:distal_pad_3],10,0.0495916577403,-0.0191480971329,0.105746215556,0.059198465978,-0.986208732284,-0.131152792956,-7.09020566861,-50.7931426579,-4.66519400961,-0.00350035726319,0.0487359200176,0.00688239650796
2.6,floor,hammer,2,0.251848578379,-0.0264007953676,-4.35527314389e-05,0.0,0.0,-0.997928723693,1.78481460703,-1.78816195171,3.96885342506,1.28042345599e-06,-1.85465371784e-07,-2.86486870293e-06
2.6,hammer,RobotiQ 3-Finger Adaptive Gripper[reflex:distal_pad_1],6,0.0270448174711,0.00626665348635,0.118985217914,-0.121150705194,0.952306664992,-0.265548533842,9.73518297918,27.2692564765,6.18733390426,-3.34798790453e-05,0.0073661375958,-0.00194042684827
2.6,hammer,RobotiQ 3-Finger Adaptive Gripper[reflex:distal_pad_2],7,0.076279111527,0.00736082018555,0.103764920321,0.0375105459517,0.981968533622,0.0466663143311,-3.49471023106,22.9131514243,-9.87307008456,0.000523759932912,0.010444036487,0.00130317381671
2.6,hammer,RobotiQ 3-Finger Adaptive Gripper[reflex:distal_pad_3],9,0.0495255244916,-0.0192021051388,0.106726793087,0.0609934455351,-0.989034600218,-0.0947393744501,-4.69379036779,-51.8443699693,-1.2814194225,-0.00415743458987,0.0622405901951,0.00444988343931
2.61,floor,hammer,2,0.251511552171,-0.0261951433956,-4.3257300763e-05,0.0,0.0,-0.997928723693,1.39716650856,-1.39967354125,2.21041673896,4.88985056932e-07,-3.01229340976e-07,-1.70650973741e-05
2.61,hammer,RobotiQ 3-Finger Adaptive Gripper[reflex:distal_pad_1],5,0.026523030393,0.00616400510618,0.119791038615,-0.100209266005,0.95620161882,-0.260362604408,9.60601685675,27.2194289282,6.22963210537,-8.71137141247e-05,0.00515955602756,-0.000897374118311
2.61,hammer,RobotiQ 3-Finger Adaptive Gripper[reflex:distal_pad_2],7,0.0765519009624,0.00737686406214,0.104141449828,0.00280055243911,0.991233415222,0.0589303990366,-2.14350131923,22.7574027563,-9.53119208166,0.000371022131086,0.0203331454655,0.00166452529193
2.61,hammer,RobotiQ 3-Finger Adaptive Gripper[reflex:distal_pad_3],9,0.0497143774209,-0.0191767244711,0.107305573092,0.048684097519,-0.989670624038,-0.0929346158338,-6.09506244824,-51.3350735634,-3.7676865024,-0.00315117793662,0.0629481096027,0.00571479086583
2.62,floor,hammer,3,0.252035408549,-0.02606920328,-2.87660064679e-05,0.0,0.0,-0.998619149129,1.89697275738,-1.89697275738,3.64985931458,-1.70159537327e-06,-1.70159537327e-06,0.000116809874979
2.62,hammer,RobotiQ 3-Finger Adaptive Gripper[reflex:distal_pad_1],5,0.0270939279253,0.00603734797168,0.120068979759,-0.117149996577,0.952331844947,-0.267699483043,9.73978688004,27.4385447738,7.02052277657,0.000582004691582,-0.00166442547631,-0.000128085270062
2.62,hammer,RobotiQ 3-Finger Adaptive Gripper[reflex:distal_pad_2],7,0.0766570901862,0.00734526687097,0.104897728367,0.0189962458026,0.98585086453,0.0876590663557,-2.60979815642,22.9398863458,-10.5315283832,0.000543165588147,0.0134620468654,0.00152371901496
2.62,hammer,RobotiQ 3-Finger Adaptive Gripper[reflex:distal_pad_3],9,0.049337209801,-0.0192311852759,0.108185840539,0.049895398609,-0.989038641173,-0.0986349804697,-5.46117936338,-51.7235440288,-1.66959526866,-0.00463964952137,0.0718312144441,0.00519342658491
2.63,floor,hammer,4,0.252105036478,-0.0259880710709,-1.84404492307e-05,0.0,0.0,-1.0,1.21962979423,-1.21962979423,2.45546486721,-3.65003203255e-08,-3.65003202479e-08,-5.79022386672e-06
2.63,hammer,RobotiQ 3-Finger Adaptive Gripper[reflex:distal_pad_1],5,0.027214361177,0.00603418473186,0.12091943794,-0.116462597395,0.952429715329,-0.277336223091,8.64311654465,26.0003233712,4.6797214797,0.00141830273758,-0.00883767061997,0.00243120679211
2.63,hammer,RobotiQ 3-Finger Adaptive Gripper[reflex:distal_pad_2],7,0.0768075728469,0.00735152247228,0.10556968016,0.0139676662796,0.986324044195,0.0825637073657,-0.528308509247,23.7347605436,-7.53933330788,0.000114084598089,0.0222176705809,0.00207111105568
2.63,hammer,RobotiQ 3-Finger Adaptive Gripper[reflex:distal_pad_3],9,0.0494393846613,-0.0192066292046,0.108723785299,0.0467581059319,-0.989021851836,-0.108887394224,-6.74764017829,-51.1275992002,-3.9537125474,-0.0039645046635,0.0610198918533,0.00550124653074
2.64,floor,hammer,4,0.251748156415,-0.0257964865909,-1.59861045511e-05,0.0,0.0,-1.0,1.66349335337,-1.66349335337,3.77435943354,-1.38220296271e-09,-1.38220312118e-09,-3.04153370788e-07
2.64,hammer,RobotiQ 3-Finger Adaptive Gripper[reflex:distal_pad_1],5,0.0267658565716,0.00599490898641,0.121777918714,-0.114955073279,0.955585983064,-0.25819044599,9.28723581788,27.2080985296,6.78265565642,0.000553146491531,0.000613613567941,0.000416947193331
2.64,hammer,RobotiQ 3-Finger Adaptive Gripper[reflex:distal_pad_2],7,0.0767585335571,0.0073559332506,0.106245348029,-0.00939806416951,0.987340537245,0.0343076404747,-0.189096019203,22.6653433072,-9.9894033614,0.000619576258435,0.0122681683614,0.00219364680036
2.64,hammer,RobotiQ 3-Finger Adaptive Gripper[reflex:distal_pad_3],9,0.0498789326183,-0.0191554488439,0.109305115389,0.0435944096489,-0.989129428813,-0.0982800055205,-7.6631262975,-51.3620272664,-1.82423859016,-0.00298917151771,0.0549316122901,0.00351969305101
2.65,floor,hammer,4,0.251386777352,-0.0256142249594,-1.2427958375e-05,0.0,0.0,-1.0,1.51020942097,-1.51020942097,2.63866474746,-3.56330681929e-08,-3.56330681974e-08,-1.26664121016e-05
2.65,hammer,RobotiQ 3-Finger Adaptive Gripper[reflex:distal_pad_1],5,0.0272010141137,0.00597834303203,0.122427549532,-0.12311781815,0.950288177741,-0.280477545169,8.42341592642,25.8208830174,4.48114725775,0.000878753206382,-0.000966574139298,0.000794512114635
2.65,hammer,RobotiQ 3-Finger Adaptive Gripper[reflex:distal_pad_2],7,0.0768388537863,0.00738710793848,0.106745713494,0.000623212891873,0.986194799734,0.088141784959,-0.3620938033,23.6572540347,-7.76051488483,0.000154288457324,0.0153551338984,0.00193280850209
2.65,hammer,RobotiQ 3-Finger Adaptive Gripper[reflex:distal_pad_3],9,0.049623667687,-0.0191557045502,0.11009045563,0.0539460125958,-0.986910833346,-0.111837108146,-6.62605765432,-51.0958127021,-3.29258210933,-0.00326018719476,0.0535825052476,0.00339491064813
2.66,floor,hammer,4,0.251022780861,-0.0254448912456,-9.74694573259e-06,0.0,0.0,-1.0,1.43934000991,-1.43934000991,3.87265617106,5.44980509597e-09,5.44980520567e-09,4.90275534968e-06
2.66,hammer,RobotiQ 3-Finger Adaptive Gripper[reflex:distal_pad_1],5,0.027003848863,0.0059990439186,0.123417086015,-0.103409255221,0.951321229832,-0.283745489901,9.03032510392,25.972985919,4.37795514061,-0.00108364924296,0.015758558616,-0.00374980310504
2.66,hammer,RobotiQ 3-Finger Adaptive Gripper[reflex:distal_pad_2],7,0.0764927958793,0.00736401734346,0.107494455349,0.0197166708142,0.985961005551,0.108582038336,0.102682436385,23.8617124321,-7.50219602554,0.000306812109619,0.0251300871994,0.00309414312722
2.66,hammer,RobotiQ 3-Finger Adaptive Gripper[reflex:distal_pad_3],9,0.0495907247644,-0.0191487680801,0.11084717926,0.0574534001445,-0.98889177264,-0.103916265554,-7.90837866427,-51.4265108286,-1.9072516549,-0.00372023218521,0.0579896338693,0.00466362492521
2.67,floor,hammer,4,0.250657011419,-0.0252749881273,-6.07399844208e-06,0.0,0.0,-0.997052259743,1.12663970741,-1.12826135814,2.9073389165,7.99816929604e-07,-1.56762103245e-07,2.05768054609e-06
2.67,hammer,RobotiQ 3-Finger Adaptive Gripper[reflex:distal_pad_1],4,0.0274969334338,0.00602681866997,0.124132092119,-0.13414852049,0.949014601892,-0.278868049691,8.53166398366,25.9788967892,4.59863489717,-0.000445552954495,0.00527654629461,-0.00152484932556
2.67,hammer,RobotiQ 3-Finger Adaptive Gripper[reflex:distal_pad_2],8,0.076784039017,0.00738653947669,0.108189004442,0.0181945082562,0.983406873674,0.0695426363143,0.201109690233,23.5489112118,-8.27968979509,0.000464318788768,0.0170440149971,0.00237543905728
2.67,hammer,RobotiQ 3-Finger Adaptive Gripper[reflex:distal_pad_3],10,0.0492425310807,-0.0191545735464,0.111358564005,0.0453945473924,-0.985720499339,-0.136284087358,-7.49960286313,-51.1827033829,-2.76070378238,-0.00241803863977,0.0394399718727,0.00667177706898
2.68,floor,hammer,2,0.251558908526,-0.0253066583597,-1.10070311857e-05,0.0,0.0,-0.995857447386,1.33766115031,-1.34322553275,4.35426513983,-2.54870432276e-08,-2.53814620486e-08,1.04577371263e-05
2.68,hammer,RobotiQ 3-Finger Adaptive Gripper[reflex:distal_pad_1],5,0.0274898309878,0.00599300533681,0.124843645242,-0.130437595274,0.948188867507,-0.28295208951,8.53498114853,25.9183835351,4.5223822532,-0.00111500446398,0.0132577857778,-0.0035072906828
2.68,hammer,RobotiQ 3-Finger Adaptive Gripper[reflex:distal_pad_2],8,0.0765429252379,0.0073762065863,0.108767599192,0.0219774462905,0.985445860255,0.116791840192,0.499961467585,23.9715823545,-7.4415897453,0.000124087330124,0.0265059513184,0.00361404202791
2.68,hammer,RobotiQ 3-Finger Adaptive Gripper[reflex:distal_pad_3],9,0.049176717738,-0.0191569094611,0.112175744316,0.0604502915088,-0.983691541044,-0.134508770667,-7.85968927389,-51.5346273232,-1.56707675973,-0.00186014025053,0.0470568792432,0.00727398508448
2.69,floor,hammer,2,0.251178929393,-0.0251500837994,-1.20099099479e-05,0.0,0.0,-0.997928723693,0.992734573808,-0.995271309203,2.89152733677,-9.73103491428e-07,1.47899683035e-07,8.36826129941e-06
2.69,hammer,RobotiQ 3-Finger Adaptive Gripper[reflex:distal_pad_1],5,0.0269961129199,0.00599608686579,0.125938802593,-0.102048958886,0.951797233929,-0.282425248989,9.09523066779,25.9997454763,4.49608713701,-0.00106639769658,0.0150006543256,-0.0036206000727
2.69,hammer,RobotiQ 3-Finger Adaptive Gripper[reflex:distal_pad_2],8,0.0760709012527,0.00739523934943,0.109503012158,-0.00452861382897,0.99184086387,0.0121862027316,0.931465916352,23.7843943587,-8.03118700358,0.000383178127566,0.0263457822958,0.00397022599225
2.69,hammer,RobotiQ 3-Finger Adaptive Gripper[reflex:distal_pad_3],9,0.0492250618134,-0.0191327670996,0.11291654138,0.0479278911404,-0.987393521272,-0.127367334333,-8.99136866624,-51.1683525621,-2.88897255628,-0.00158113916021,0.0382545668815,0.00523903345044
2.7,floor,hammer,2,0.250794004952,-0.0249982129506,-1.40155195421e-05,0.0,0.0,-0.997928723693,1.47551736904,-1.47901023887,4.36846089503,-1.5053613221e-06,2.30769338122e-07,8.90452392823e-06
2.7,hammer,RobotiQ 3-Finger Adaptive Gripper[reflex:distal_pad_1],5,0.0276574122948,0.00593793953421,0.126295131256,-0.131931727948,0.946228594565,-0.289352078142,8.59787296418,25.7929940771,4.32829682737,-0.00109029487304,0.0120155927257,-0.00303661454991
2.7,hammer,RobotiQ 3-Finger Adaptive Gripper[reflex:distal_pad_2],8,0.076605719522,0.00741108054976,0.1099956478,0.00177376023487,0.990357248436,0.080071350878,0.647184238711,23.9851212432,-7.56886032953,0.000152891459888,0.0215981923192,0.00277318938586
2.7,hammer,RobotiQ 3-Finger Adaptive Gripper[reflex:distal_pad_3],9,0.0491893636233,-0.0191126713608,0.113595273554,0.05473245506,-0.988834090167,-0.112243846421,-7.88760051841,-51.5542402245,-1.23347329548,-0.00382275117618,0.0582221546412,0.00574098871206
2.71,floor,hammer,2,0.250406324601,-0.0248543415717,-1.49480808982e-05,0.0,0.0,-0.997928723693,1.23893720968,-1.24198447222,2.70956855291,-8.35703577024e-07,2.11011655195e-07,-4.73390918178e-06
2.71,hammer,RobotiQ 3-Finger Adaptive Gripper[reflex:distal_pad_1],5,0.0270073916471,0.00610065634631,0.127929186148,-0.101264489844,0.949242195249,-0.289516941817,9.16736724429,25.612815475,4.10932773387,-0.000940249087512,0.0168234768716,-0.00412664249952
2.71,hammer,RobotiQ 3-Finger Adaptive Gripper[reflex:distal_pad_2],7,0.0768545907874,0.00742142980258,0.110572058709,0.00286812163394,0.987848360091,0.111759714348,0.599442676611,23.9006483737,-7.8617314034,0.000508037793746,0.0132054116717,0.00184673045949
2.71,hammer,RobotiQ 3-Finger Adaptive Gripper[reflex:distal_pad_3],9,0.0496818856821,-0.0190484386633,0.114167996306,0.0209869711827,-0.987870999509,-0.121860411003,-8.41727697841,-51.1206754665,-2.84855843932,-0.000939549350022,0.0477893487471,0.00678941935861
2.72,floor,hammer,2,0.250015712606,-0.0247162089406,-1.68900253248e-05,0.0,0.0,-0.997928723693,1.49540252755,-1.49895460104,4.18677486682,-1.45630935298e-06,2.08107840566e-07,6.92959205851e-06
2.72,hammer,RobotiQ 3-Finger Adaptive Gripper[reflex:distal_pad_1],5,0.0272706756331,0.00603531655604,0.128467216997,-0.111105474938,0.950195234455,-0.2826797062,8.83759628461,25.9375221674,4.57477620887,-0.00135195865118,0.023101192007,-0.00568418065203
2.72,hammer,RobotiQ 3-Finger Adaptive Gripper[reflex:distal_pad_2],7,0.0763668266304,0.00739698034378,0.111615551058,0.0236216026244,0.983405221554,0.100085038971,1.10861253638,23.9691168537,-7.82733034137,-0.000303095496463,0.0240839073239,0.00315736191575
2.72,hammer,RobotiQ 3-Finger Adaptive Gripper[reflex:distal_pad_3],9,0.0497395986514,-0.019034294191,0.114871695645,0.0199844282994,-0.987773608352,-0.122579661365,-8.59593909981,-51.4616633723,-1.43405250099,-0.000128578179561,0.0454991665086,0.00624337386789
2.73,floor,hammer,2,0.249623491436,-0.0245816978762,-1.77284590146e-05,0.0,0.0,-0.997928723693,1.21044003995,-1.21346590787,2.58402545037,-7.56114302776e-07,2.34248206698e-07,-5.8706316106e-06
2.73,hammer,RobotiQ 3-Finger Adaptive Gripper[reflex:distal_pad_1],5,0.0272109252192,0.00601076311606,0.129223521146,-0.113461176565,0.950054498146,-0.281379313297,8.85537707305,25.8510796908,4.59672861211,-0.00133428472873,0.0230405431673,-0.00586904787393
2.73,hammer,RobotiQ 3-Finger Adaptive Gripper[reflex:distal_pad_2],8,0.0765631234386,0.00743260745053,0.111970177508,0.0125326614656,0.987809022335,0.106990284578,1.39002233341,24.0016880448,-7.59811097058,7.50424374223e-06,0.0146642212041,0.00215956846778
2.73,hammer,RobotiQ 3-Finger Adaptive Gripper[reflex:distal_pad_3],9,0.0498157506731,-0.0189954832644,0.115482462189,0.017860889461,-0.98751479967,-0.123366717639,-8.97034346953,-50.959907663,-3.62758709849,0.000122295186261,0.0425699250977,0.00648885675637
2.74,floor,hammer,2,0.249227166715,-0.0244486611555,-1.96292807225e-05,0.0,0.0,-0.997928723693,1.31568152337,-1.31889404886,3.92058764168,-1.4299106277e-06,1.25967561879e-07,9.94760828875e-06
2.74,hammer,RobotiQ 3-Finger Adaptive Gripper[reflex:distal_pad_1],5,0.0269068289704,0.00601263509229,0.130137311745,-0.0952192090089,0.950225626756,-0.290523986637,9.2392696126,25.6877296949,4.14920417441,-0.00114391194973,0.0199667445916,-0.00498460941023
2.74,hammer,RobotiQ 3-Finger Adaptive Gripper[reflex:distal_pad_2],8,0.0764638158363,0.00742555398177,0.112715353881,0.0137779654739,0.989485329956,0.0856249722998,1.56974686644,24.4702816702,-6.7995029342,0.000842582288884,0.0199647726861,0.00312015887932
2.74,hammer,RobotiQ 3-Finger Adaptive Gripper[reflex:distal_pad_3],9,0.0497895326882,-0.0189821008098,0.116189628386,0.0175233433149,-0.987439473754,-0.124413914635,-9.53931335789,-51.1324137666,-2.37382713003,0.000351283340117,0.0413916780858,0.00651184662494
2.75,floor,hammer,2,0.248828520455,-0.0243181654077,-2.03632792092e-05,0.0,0.0,-1.0,1.13685374368,-1.13685374368,2.56170561419,5.85525196048e-08,5.85525196295e-08,-3.80068940773e-06
2.75,hammer,RobotiQ 3-Finger Adaptive Gripper[reflex:distal_pad_1],5,0.0272101548066,0.00594323906388,0.130584224843,-0.119907423394,0.944709267888,-0.295938502825,9.48426721109,25.627036852,4.04077937518,-0.000939108103784,0.0155234833233,-0.00381035887403
2.75,hammer,RobotiQ 3-Finger Adaptive Gripper[reflex:distal_pad_2],7,0.0765469171079,0.00744250567796,0.113356261602,0.00641868563507,0.988715873236,0.0957803163675,1.49830914887,24.2484160039,-7.06874976694,0.000342005796441,0.0137826798791,0.00251601793919
2.75,hammer,RobotiQ 3-Finger Adaptive Gripper[reflex:distal_pad_3],9,0.0494504554537,-0.0189972566139,0.117136671882,0.0298380433207,-0.986769480694,-0.132569073418,-9.70661261049,-50.8575966032,-3.68682932463,-0.00122134783634,0.041681624847,0.00628791897999
2.76,floor,hammer,2,0.248427262287,-0.0241894202091,-2.21452470921e-05,0.0,0.0,-0.998247072101,1.45967220959,-1.46265612967,4.16611596924,-1.30274609982e-06,1.0073224633e-07,7.97835032108e-06
2.76,hammer,RobotiQ 3-Finger Adaptive Gripper[reflex:distal_pad_1],5,0.0275100437628,0.00595274299012,0.131313830435,-0.12694116016,0.94954858635,-0.281875064137,8.28567971665,25.8148893957,4.76124707239,0.000195727738571,-0.000204326605008,-0.000164529413874
2.76,hammer,RobotiQ 3-Finger Adaptive Gripper[reflex:distal_pad_2],8,0.0763915300059,0.00742225789419,0.114117665475,0.0204076941194,0.988799572288,0.091604892471,1.95581827073,24.0028976489,-7.72148676828,0.00111052745566,0.0198773129287,0.00344378056529
2.76,hammer,RobotiQ 3-Finger Adaptive Gripper[reflex:distal_pad_3],9,0.0497232032183,-0.0189257215489,0.117611350926,0.0114800636693,-0.98609597258,-0.134133917723,-8.80282210354,-51.1046096167,-1.77335088553,-0.00060112870938,0.0428233240864,0.00570099985452
2.77,floor,hammer,2,0.248024028565,-0.0240670389432,-2.27979452761e-05,0.0,0.0,-0.997928723693,1.16575865364,-1.168729799,2.69830421788,-8.17924471485e-07,2.18224369551e-07,-2.18415259664e-06
2.77,hammer,RobotiQ 3-Finger Adaptive Gripper[reflex:distal_pad_1],5,0.0271775910942,0.00599014600845,0.132343629298,-0.113640721206,0.94978433453,-0.282086655578,9.09980069513,25.8165352285,4.52993389828,-0.00109446726386,0.0178876215473,-0.00445573190053
2.77,hammer,RobotiQ 3-Finger Adaptive Gripper[reflex:distal_pad_2],8,0.0765498776444,0.00742986016638,0.114749325381,0.0113766680898,0.989247168131,0.089672789955,2.50323511612,23.8517518438,-8.30891024675,0.000233084536468,0.0159782048767,0.00253258806745
2.77,hammer,RobotiQ 3-Finger Adaptive Gripper[reflex:distal_pad_3],9,0.0495597913747,-0.0189278460888,0.118405362952,0.0100379785888,-0.985375895013,-0.137491897565,-10.3092394296,-50.9629111866,-2.80347560796,0.00075879207985,0.0391121562024,0.00510416343016
2.78,floor,hammer,2,0.247619095793,-0.0239470258525,-2.44889872624e-05,0.0,0.0,-0.997928723693,1.42703580141,-1.43052060369,3.94209993711,-1.45437449645e-06,1.14126843553e-07,7.45480879699e-06
2.78,hammer,RobotiQ 3-Finger Adaptive Gripper[reflex:distal_pad_1],5,0.026854221772,0.00602232376583,0.133410684461,-0.0940880020425,0.95059893892,-0.289737449262,9.25968971624,25.5513946635,4.07424842295,-0.000575479302869,0.0125274122687,-0.00301181467904
2.78,hammer,RobotiQ 3-Finger Adaptive Gripper[reflex:distal_pad_2],7,0.0763807629224,0.00743476558912,0.11547060116,0.0236258726904,0.987697787886,0.104296831245,2.51937811241,24.3987282488,-7.07247446017,0.000636723961701,0.0191937193848,0.00331756521173
2.78,hammer,RobotiQ 3-Finger Adaptive Gripper[reflex:distal_pad_3],9,0.0492018291104,-0.0189203614581,0.119183636488,0.0435039538148,-0.986813848201,-0.129282591161,-10.4479270293,-51.0808980889,-2.04177465073,-0.00249822019136,0.0513686536833,0.00716365946609
2.79,floor,hammer,2,0.247213073473,-0.0238249339619,-2.50518628349e-05,0.0,0.0,-0.997928723693,1.02061775542,-1.02334047707,2.3152492939,-6.69337554888e-07,1.93897795609e-07,-1.99081311397e-06
2.79,hammer,RobotiQ 3-Finger Adaptive Gripper[reflex:distal_pad_1],5,0.0271253984202,0.00598641877197,0.133940327875,-0.104935845286,0.948642151284,-0.290072182425,9.29057709134,25.491809169,4.0455495279,-0.00046704868248,0.0111977997562,-0.00242202406366
2.79,hammer,RobotiQ 3-Finger Adaptive Gripper[reflex:distal_pad_2],8,0.0760402114715,0.0074512968244,0.116219198035,0.021821511665,0.988706684121,0.0234424245022,2.86324707656,24.6000870344,-6.05230221145,0.000296113387428,0.0135070050524,0.00198562885516
2.79,hammer,RobotiQ 3-Finger Adaptive Gripper[reflex:distal_pad_3],9,0.0487557920725,-0.0189813780429,0.120445606174,0.0667169684761,-0.98620015189,-0.125798853174,-10.9000088102,-50.8036618911,-4.88508445911,-0.00464018428028,0.0725072918315,0.00799541877861
2.8,floor,hammer,2,0.246800419769,-0.0236940832925,-2.66546013506e-05,0.0,0.0,-0.997928723693,1.15968567778,-1.16265175645,4.12444253003,-1.80480903222e-06,-1.62310466919e-07,1.83117412822e-05
2.8,hammer,RobotiQ 3-Finger Adaptive Gripper[reflex:distal_pad_1],5,0.0271695221674,0.0059433858619,0.134637700266,-0.113215701265,0.948757856143,-0.285937672181,8.98798889263,25.7463447168,4.41649026502,-0.00122436051703,0.0206889485128,-0.0052800519352
2.8,hammer,RobotiQ 3-Finger Adaptive Gripper[reflex:distal_pad_2],8,0.0763176330821,0.00745310661362,0.116690644443,0.00438098791228,0.992537843414,0.0639648128167,3.35103716845,24.147495884,-7.63706600631,0.000478036981972,0.0176029451113,0.00277518368146
2.8,hammer,RobotiQ 3-Finger Adaptive Gripper[reflex:distal_pad_3],9,0.0487717105239,-0.0189493736151,0.120910589227,0.0382728116609,-0.985166538552,-0.138018601269,-11.4261423938,-51.1779437232,-1.61926412704,-0.00174681400688,0.0489636219219,0.00720018904188
2.81,floor,hammer,2,0.246385402924,-0.0235528491385,-2.71693466036e-05,0.0,0.0,-0.997928723693,1.29626259208,-1.29955306296,2.3852674547,-3.03876791662e-07,5.93590461283e-07,-1.66911622541e-05
2.81,hammer,RobotiQ 3-Finger Adaptive Gripper[reflex:distal_pad_1],5,0.0276707517646,0.00587365472108,0.135022425695,-0.141188440264,0.948647657215,-0.278007867541,8.21216450477,25.8195536826,5.05508703446,-0.00055123486726,0.00473348686702,-0.00131912409989
2.81,hammer,RobotiQ 3-Finger Adaptive Gripper[reflex:distal_pad_2],8,0.0763234560879,0.00746781357117,0.117287448102,-0.00174544974613,0.992805029806,0.063504020039,3.42571051608,24.0094544276,-7.88699497248,0.000201572067161,0.0133287831961,0.00204387848594
2.81,hammer,RobotiQ 3-Finger Adaptive Gripper[reflex:distal_pad_3],9,0.0496140469663,-0.0188143361568,0.121402822102,0.0495200681192,-0.988970850618,-0.113527140441,-10.2483171723,-50.7790668868,-3.97934407846,-0.00237234454879,0.0483200384184,0.00431400286198
2.82,floor,hammer,2,0.245964919457,-0.0234098721654,-2.86416362113e-05,0.0,0.0,-0.997928723693,1.45001895546,-1.45355460003,4.01855201995,-1.53721953854e-06,7.16881107537e-08,7.55287215907e-06
2.82,hammer,RobotiQ 3-Finger Adaptive Gripper[reflex:distal_pad_1],5,0.0271548060061,0.00590950671142,0.136161216886,-0.110696156607,0.950396217734,-0.280354204075,8.86615057174,26.0441396851,4.96072409249,-0.00108425519023,0.0185169917978,-0.00464032346856
2.82,hammer,RobotiQ 3-Finger Adaptive Gripper[reflex:distal_pad_2],8,0.0760909991251,0.0074601356303,0.118079429363,0.0119707585294,0.99143002408,0.0606794615331,3.25498320717,23.6324262533,-8.92036828843,0.000512750837458,0.0140751632569,0.00220837053918
2.82,hammer,RobotiQ 3-Finger Adaptive Gripper[reflex:distal_pad_3],9,0.0496060446596,-0.0188363802482,0.122189373565,0.0368680334159,-0.987618047882,-0.119199543641,-10.7202929035,-51.4786050541,-0.884403565186,-0.00107346490854,0.039850777902,0.0057898578134
2.83,floor,hammer,2,0.245544784855,-0.0232630073175,-2.89640223143e-05,0.0,0.0,-0.995857447386,1.17243418876,-1.17731126261,2.5214696902,1.885108325e-07,1.87729916499e-07,-6.39934506088e-06
2.83,hammer,RobotiQ 3-Finger Adaptive Gripper[reflex:distal_pad_1],5,0.0273737269379,0.00591186603743,0.136835729114,-0.13287449753,0.949340135532,-0.278803215975,8.31790121802,26.0572989549,5.14545862469,-0.000544067476727,0.00549533496321,-0.00155380310165
2.83,hammer,RobotiQ 3-Finger Adaptive Gripper[reflex:distal_pad_2],8,0.0760578526389,0.00747005936418,0.118779879603,0.0119101985604,0.993660147744,0.0352004235408,3.64726714892,23.6451489812,-8.98158677295,0.000190285412216,0.0119110587189,0.00201120978173
2.83,hammer,RobotiQ 3-Finger Adaptive Gripper[reflex:distal_pad_3],9,0.0496022128047,-0.0188044197618,0.122888981107,0.0353667601084,-0.987689717677,-0.11958776433,-10.7505026572,-51.0101466625,-2.90170714333,-0.00108656639583,0.0393673829807,0.00575093565675
2.84,floor,hammer,2,0.245119461405,-0.0231116294239,-3.03751605351e-05,0.0,0.0,-0.997928723693,1.24387166823,-1.24698882908,4.01359113358,-1.76109744641e-06,-1.52795069107e-07,1.41900701791e-05
2.84,hammer,RobotiQ 3-Finger Adaptive Gripper[reflex:distal_pad_1],5,0.027331294473,0.00589737421115,0.137580340813,-0.126640137428,0.939652039329,-0.306391557648,8.97922850662,25.6376581262,3.99118230697,-0.00183954484858,0.0231633709779,-0.00555516537451
2.84,hammer,RobotiQ 3-Finger Adaptive Gripper[reflex:distal_pad_2],8,0.0758055066384,0.00748306742984,0.119395582817,0.0101385658429,0.993836342088,0.0569808550915,3.69504184153,24.1350878496,-7.95015594182,0.00035069071993,0.0176184803821,0.00273790248298
2.84,hammer,RobotiQ 3-Finger Adaptive Gripper[reflex:distal_pad_3],9,0.0493943036573,-0.0187872004278,0.123581997059,0.0336023579508,-0.987677423869,-0.11648274464,-11.4619173674,-51.288513031,-1.04295908603,-0.00264821038741,0.0598604385158,0.00727257369628
2.85,floor,hammer,2,0.244691456484,-0.0229510414869,-3.07325451549e-05,0.0,0.0,-0.997928723693,1.48018657122,-1.48384603485,2.16730805967,5.24653852811e-07,1.33171135413e-06,-3.67852549246e-05
2.85,hammer,RobotiQ 3-Finger Adaptive Gripper[reflex:distal_pad_1],5,0.0280638113019,0.00591571371279,0.138060189091,-0.139576179831,0.952136039226,-0.265665866841,8.08658771203,26.1658521314,5.88266916972,0.00110673360673,-0.00939741144167,0.00243143937445
2.85,hammer,RobotiQ 3-Finger Adaptive Gripper[reflex:distal_pad_2],8,0.0763926351061,0.00751366196608,0.120000110055,0.00520667661935,0.990246795497,0.0740233525595,3.53891056798,23.3264146821,-9.80708596986,0.000356667403199,0.0107837348738,0.00173972303433
2.85,hammer,RobotiQ 3-Finger Adaptive Gripper[reflex:distal_pad_3],9,0.0495931506124,-0.018723562849,0.124216824997,0.0303115454945,-0.987437499579,-0.118007734375,-10.1810349212,-50.8988072126,-3.19075220802,-0.00302967431794,0.05677880798,0.00666845943134
2.86,floor,hammer,2,0.244261673048,-0.0227892100431,-3.20261497685e-05,0.0,0.0,-0.997928723693,1.47831431882,-1.48193927416,3.9722735507,-1.53003923912e-06,6.33459531379e-08,6.53784386179e-06
2.86,hammer,RobotiQ 3-Finger Adaptive Gripper[reflex:distal_pad_1],5,0.0272163265594,0.00599031459642,0.139509837949,-0.112003583798,0.950662508044,-0.278411491883,8.70490426953,26.237452011,5.30913865713,-0.000918039950047,0.0127389655177,-0.00301014914532
2.86,hammer,RobotiQ 3-Finger Adaptive Gripper[reflex:distal_pad_2],8,0.0760989334385,0.00754128459014,0.120620433537,0.020151786135,0.991111707781,0.0733594529523,3.71349603268,23.6450574928,-9.18268273067,0.000236857421022,0.0233752774234,0.00338514618549
2.86,hammer,RobotiQ 3-Finger Adaptive Gripper[reflex:distal_pad_3],9,0.0489962048157,-0.0187566618804,0.125185880731,0.0636519578015,-0.987113324852,-0.123915678686,-11.0886378922,-51.3794237462,-1.07224950366,-0.00280914208138,0.0473969260644,0.00535657635195
2.87,floor,hammer,2,0.243832251865,-0.0226288662078,-3.21851118236e-05,0.0,0.0,-0.997928723693,1.27510539287,-1.27837364213,2.44934725577,-2.37180498998e-07,6.8889809894e-07,-1.47989001679e-05
2.87,hammer,RobotiQ 3-Finger Adaptive Gripper[reflex:distal_pad_1],5,0.027570607908,0.0059454392693,0.139961533812,-0.131456575311,0.949465707182,-0.27794176268,8.23093469868,26.0561691753,5.3886520064,0.00113626427758,-0.00796193002319,0.0015691452351
2.87,hammer,RobotiQ 3-Finger Adaptive Gripper[reflex:distal_pad_2],8,0.0759508498331,0.00755823710735,0.121199630662,0.0367102228147,0.991293605638,0.0635653659439,4.2391075084,23.7019386668,-8.95782925713,0.000558112309122,0.0199374933687,0.00326572620118
2.87,hammer,RobotiQ 3-Finger Adaptive Gripper[reflex:distal_pad_3],9,0.0489340748935,-0.0187077351702,0.125808254057,0.058718468961,-0.985567091012,-0.13249144871,-11.1520563349,-50.83842888,-3.24623808622,-0.00362799804891,0.0634131182574,0.00853252446176
2.88,floor,hammer,3,0.2433633447,-0.0226305243571,-2.2343473539e-05,0.0,0.0,-0.998619149129,1.49179181208,-1.49447675071,4.06546018351,3.77946004765e-07,2.7859519481e-07,1.70188126763e-05
2.88,hammer,RobotiQ 3-Finger Adaptive Gripper[reflex:distal_pad_1],4,0.0277230285097,0.00584115862965,0.140368845154,-0.163947502774,0.936924636617,-0.303330222324,7.28476859289,25.4427432052,4.2551344204,-0.00125266777167,0.00865154637609,-0.00234168956908
2.88,hammer,RobotiQ 3-Finger Adaptive Gripper[reflex:distal_pad_2],8,0.0757673398121,0.00757490544886,0.121905237272,0.0357690234955,0.989466503988,0.0668179635936,4.05346498022,24.0672536748,-8.18133126783,0.000336664460603,0.0177109254698,0.00318527403951
2.88,hammer,RobotiQ 3-Finger Adaptive Gripper[reflex:distal_pad_3],9,0.049405912873,-0.0186373793453,0.126212962638,0.052740649362,-0.987154171441,-0.124213690212,-9.95087808328,-51.1670243831,-1.03814955545,-0.00323325691396,0.0490346385662,0.00594833679667
2.89,floor,hammer,3,0.242926499108,-0.0224699228049,-2.23825739144e-05,0.0,0.0,-0.998619149129,0.805512736102,-0.807251108664,2.60636332425,3.80634771834e-07,1.15038988875e-07,3.30031180306e-05
2.89,hammer,RobotiQ 3-Finger Adaptive Gripper[reflex:distal_pad_1],5,0.0280911641653,0.00578460701824,0.14085718887,-0.166971747715,0.934131562666,-0.309498116369,7.88243742258,25.3908767766,4.45782659004,-0.000534569580642,0.00538083325776,-0.00153023004166
2.89,hammer,RobotiQ 3-Finger Adaptive Gripper[reflex:distal_pad_2],7,0.0751700307835,0.00759524345295,0.122656808995,0.0297635947686,0.993695579256,-0.00403042524015,4.83210347661,24.5066292814,-7.01623272793,0.000833383016913,0.0194546150285,0.00220597336093
2.89,hammer,RobotiQ 3-Finger Adaptive Gripper[reflex:distal_pad_3],9,0.0493023455322,-0.0186345713776,0.127165487666,0.0608070051737,-0.988348860426,-0.11559587826,-11.5373812827,-50.6262023138,-4.06753065431,-0.003565981981,0.0506852524656,0.00610939025689
2.9,floor,hammer,3,0.242480228361,-0.0223041128118,-2.31802043381e-05,0.0,0.0,-0.998619149129,1.37239708786,-1.37491675889,4.1071309763,2.1581284731e-07,5.65102563579e-08,2.35181533656e-05
2.9,hammer,RobotiQ 3-Finger Adaptive Gripper[reflex:distal_pad_1],5,0.0283251517563,0.00577675657285,0.141491799837,-0.204658285581,0.929749017382,-0.299385412752,6.82217564965,25.2259683123,4.25860462079,-0.0013646386791,0.00970203223937,-0.00267721337027
2.9,hammer,RobotiQ 3-Finger Adaptive Gripper[reflex:distal_pad_2],8,0.0759093169202,0.00758992060556,0.123304875982,0.0188059807829,0.991522973915,0.045382806526,4.48720320194,24.4534076961,-7.38612829629,0.000366798071772,0.0108721026619,0.00165469037866
2.9,hammer,RobotiQ 3-Finger Adaptive Gripper[reflex:distal_pad_3],9,0.0492755563786,-0.0186063941076,0.127797566167,0.0490401945963,-0.987459544453,-0.12378014412,-9.86969678525,-51.1012620464,-1.71417702719,-0.00231656414984,0.0516707394293,0.00624158871629
2.91,floor,hammer,3,0.242030748581,-0.0221360116781,-2.32109230259e-05,0.0,0.0,-0.998619149129,0.897036185894,-0.898899956273,2.49337867824,5.32510411378e-07,2.26828777826e-07,2.17150749992e-05
2.91,hammer,RobotiQ 3-Finger Adaptive Gripper[reflex:distal_pad_1],5,0.0274479325561,0.00583733390738,0.142973278121,-0.150629711852,0.939916712269,-0.29935476156,8.01542308452,25.2856929223,4.15780945756,-0.000738677993487,0.00709321432748,-0.00190593148781
2.91,hammer,RobotiQ 3-Finger Adaptive Gripper[reflex:distal_pad_2],7,0.0755014262709,0.00761065579455,0.123957680159,0.0404508514224,0.989495010335,0.041729332731,4.85997635059,24.3835720681,-7.44536257754,0.000553364318327,0.0181422474447,0.00335074343613
2.91,hammer,RobotiQ 3-Finger Adaptive Gripper[reflex:distal_pad_3],9,0.049672498113,-0.0184986957497,0.128069662771,0.0361017212996,-0.984211267986,-0.146973688497,-12.1287518207,-50.430014294,-3.60206500713,-0.00123872559003,0.0474553655618,0.00654066390421
2.92,floor,hammer,3,0.241572943442,-0.0219669295196,-2.39781195735e-05,0.0,0.0,-0.998619149129,1.53837670195,-1.54112445825,3.94333902261,5.16851579784e-07,3.69730807216e-07,1.5715410859e-05
2.92,hammer,RobotiQ 3-Finger Adaptive Gripper[reflex:distal_pad_1],5,0.0283738119817,0.00579443552709,0.143163652755,-0.172741645107,0.937725959031,-0.293158945366,7.85538486019,25.9539096891,5.97151970409,0.000585636726395,-0.00547296546178,0.00123995255419
2.92,hammer,RobotiQ 3-Finger Adaptive Gripper[reflex:distal_pad_2],8,0.0756466353228,0.00763011379628,0.12464890423,0.0318968686833,0.988856978538,0.016141008779,4.85010103313,23.4714178839,-9.84822349906,0.000709198132689,0.0154003347816,0.00319298046648
2.92,hammer,RobotiQ 3-Finger Adaptive Gripper[reflex:distal_pad_3],9,0.0493815408372,-0.0185150224046,0.129152934443,0.0569231728707,-0.98752447316,-0.124695264001,-11.2884406333,-51.0549880015,-1.06985271664,-0.00270169895076,0.0427175908288,0.00516262490817
2.93,floor,hammer,3,0.241112956769,-0.0217962906972,-2.39880483716e-05,0.0,0.0,-0.998619149129,1.26992576413,-1.27230288567,2.67345656301,1.17770945193e-06,8.83970893655e-07,1.66335916497e-06
2.93,hammer,RobotiQ 3-Finger Adaptive Gripper[reflex:distal_pad_1],5,0.0282400323485,0.00581701611673,0.14407289761,-0.182157815322,0.932532851028,-0.304040879392,7.94962139256,25.3420154067,4.41825718865,-0.000952107776121,0.00811386466495,-0.00211042418455
2.93,hammer,RobotiQ 3-Finger Adaptive Gripper[reflex:distal_pad_2],8,0.0757786409098,0.00765294064164,0.125177933321,0.0288856593455,0.989165927919,0.071405215955,4.83692266202,24.1379526118,-8.21422199921,0.000278357897747,0.022755632397,0.00322740230376
2.93,hammer,RobotiQ 3-Finger Adaptive Gripper[reflex:distal_pad_3],9,0.0492002424977,-0.0184961546764,0.129863200126,0.0679554590917,-0.9885488975,-0.118683815829,-11.4915720331,-50.813227584,-2.74521595124,-0.00270760002924,0.0395598641615,0.00531481891494
2.94,floor,hammer,3,0.240646589761,-0.0216159218825,-2.47942543324e-05,0.0,0.0,-0.998619149129,1.39036711639,-1.39291000321,4.22351246029,1.05016592498e-07,-1.14637022838e-07,2.5217351922e-05
2.94,hammer,RobotiQ 3-Finger Adaptive Gripper[reflex:distal_pad_1],5,0.0282103078243,0.00585320036455,0.145036506592,-0.174867837292,0.936057933411,-0.300231531101,7.32105848016,25.6489695307,5.0298819807,0.000331707964315,-0.00360928521613,0.00103680324382
2.94,hammer,RobotiQ 3-Finger Adaptive Gripper[reflex:distal_pad_2],8,0.0752466466897,0.00767381517981,0.125992654078,0.0448843164553,0.988609500126,0.00919052662485,4.9266033376,23.922034027,-8.78426052013,0.000459635157634,0.0130948261698,0.00240976020504
2.94,hammer,RobotiQ 3-Finger Adaptive Gripper[reflex:distal_pad_3],9,0.0495500663709,-0.0184454587667,0.130420112229,0.0461703824053,-0.987196191346,-0.12863412734,-10.9414065363,-50.9946208853,-1.01301132026,-0.00163128457759,0.0392397446321,0.00535144660068
2.95,floor,hammer,3,0.240177945925,-0.0214366584866,-2.47582013319e-05,0.0,0.0,-0.998619149129,1.34361180428,-1.3460896515,2.49212193438,1.5973101218e-06,1.25586808917e-06,-1.20191973476e-05
2.95,hammer,RobotiQ 3-Finger Adaptive Gripper[reflex:distal_pad_1],4,0.0282061937395,0.00599762351319,0.146254636208,-0.19431358889,0.93516695255,-0.287353966425,7.11026520114,25.4003839504,4.6434983523,-7.26611307464e-05,-5.27026971551e-05,-4.81438677598e-06
2.95,hammer,RobotiQ 3-Finger Adaptive Gripper[reflex:distal_pad_2],8,0.0755736617125,0.00768913448974,0.126536648719,0.0331307028586,0.990836743452,0.0668259646221,5.10163533454,24.0581141823,-8.41491433807,0.000170463194546,0.0181933356487,0.00247197540269
2.95,hammer,RobotiQ 3-Finger Adaptive Gripper[reflex:distal_pad_3],9,0.049783854813,-0.0184016419345,0.131159512752,0.0497017825358,-0.987312984608,-0.120877067424,-10.867276384,-50.6775559824,-3.01992267832,-0.00234211647528,0.0444312972458,0.00495898294201
2.96,floor,hammer,3,0.239707250205,-0.0212523479715,-2.55180228965e-05,0.0,0.0,-0.998619149129,1.35316703662,-1.35565776282,4.3821134086,-4.19503096257e-08,-2.85955473237e-07,3.16123503996e-05
2.96,hammer,RobotiQ 3-Finger Adaptive Gripper[reflex:distal_pad_1],4,0.0277930588934,0.00582111073592,0.146780676187,-0.167456384872,0.941189234268,-0.289864520189,6.98832185215,25.2806229336,4.53568044443,-0.00127610649216,0.0112571677858,-0.00357723590061
2.96,hammer,RobotiQ 3-Finger Adaptive Gripper[reflex:distal_pad_2],8,0.0754991824321,0.00769902684615,0.127253803302,0.0403738133733,0.98992412068,0.0506585654995,5.25743373876,24.2269611572,-8.15945384636,0.000379215918793,0.0228351603254,0.00360435297805
2.96,hammer,RobotiQ 3-Finger Adaptive Gripper[reflex:distal_pad_3],9,0.0495842224942,-0.0183458954005,0.131650554617,0.050345252177,-0.985050674798,-0.141955057056,-10.93394577,-50.9700250894,-0.926842676724,-0.00192988122708,0.0409462583223,0.00648939024835
2.97,floor,hammer,3,0.239232116269,-0.0210608364694,-2.55255593733e-05,0.0,0.0,-0.998619149129,1.25813404134,-1.26049306623,2.85640040798,9.20867827714e-07,5.07041996031e-07,2.76065917933e-06
2.97,hammer,RobotiQ 3-Finger Adaptive Gripper[reflex:distal_pad_1],5,0.0279854499763,0.00593152620496,0.147833786064,-0.186152567192,0.939574236082,-0.278982145154,7.09907283556,25.5050471429,4.92493092765,0.00164197975387,-0.0131864274731,0.00376409275703
2.97,hammer,RobotiQ 3-Finger Adaptive Gripper[reflex:distal_pad_2],8,0.0754477049326,0.0077057007754,0.127971664177,0.0310401802897,0.99069823948,0.0467874404113,5.30968746468,23.8678393131,-8.96383521786,0.000584551012808,0.0183225894373,0.0027105947311
2.97,hammer,RobotiQ 3-Finger Adaptive Gripper[reflex:distal_pad_3],9,0.0495668360373,-0.01835677076,0.132496376858,0.045191939867,-0.986672185653,-0.133251416802,-10.9893806443,-50.8366178779,-2.37091122684,-0.00169340192729,0.0435748061756,0.00736454050173
2.98,floor,hammer,3,0.238750675066,-0.0208586816479,-2.63211541737e-05,0.0,0.0,-0.998619149129,1.59832854876,-1.60115638883,4.33279313008,3.75159324223e-07,5.15877835151e-08,2.1050830614e-05
2.98,hammer,RobotiQ 3-Finger Adaptive Gripper[reflex:distal_pad_1],5,0.0281205160596,0.00585183788155,0.148370447015,-0.194021124022,0.934324203336,-0.291483006413,6.85735728663,25.2264826483,4.40485924947,-0.00085539358747,0.00625820636829,-0.00183879105284
2.98,hammer,RobotiQ 3-Finger Adaptive Gripper[reflex:distal_pad_2],8,0.075345042732,0.00771639269018,0.128703826522,0.0598048299899,0.98440336772,0.0532222166155,5.45446198387,24.2729558443,-7.9858067473,0.000562339285515,0.0221574552456,0.00378269297208
2.98,hammer,RobotiQ 3-Finger Adaptive Gripper[reflex:distal_pad_3],9,0.0493892446305,-0.0183296013071,0.133060365866,0.0590147484311,-0.984818002594,-0.132878935375,-10.9689915564,-50.924965135,-1.0398372267,-0.0011765965379,0.0363062556163,0.00515900344471
2.99,floor,hammer,3,0.238267255978,-0.0206529263897,-2.62915872015e-05,0.0,0.0,-0.998619149129,1.53915893074,-1.54190442942,2.43833492107,2.21000014095e-06,1.69118649724e-06,-5.16543224104e-05
2.99,hammer,RobotiQ 3-Finger Adaptive Gripper[reflex:distal_pad_1],5,0.0280249021472,0.00590646294196,0.149421748793,-0.182652355755,0.936421734443,-0.290670345299,7.14837425026,25.3455372213,4.68322848061,-0.000407204644207,0.00279771359771,-0.000871401815819
2.99,hammer,RobotiQ 3-Finger Adaptive Gripper[reflex:distal_pad_2],8,0.0758515171017,0.00774866498739,0.129109050904,0.0409144783563,0.985553810035,0.111534914483,5.48708778112,23.8983872952,-8.85181265892,0.000498308556052,0.0203371366339,0.00375194647949
2.99,hammer,RobotiQ 3-Finger Adaptive Gripper[reflex:distal_pad_3],9,0.0492549439234,-0.0183314235332,0.134082326208,0.0571634404118,-0.986769154459,-0.125080785905,-11.106414266,-50.8759323355,-2.62247039743,-0.00293743799763,0.0614760062129,0.00573595022438
3.0,floor,hammer,4,0.238399597596,-0.0206180939882,-1.90426146495e-05,0.0,0.0,-0.998087897897,1.55633231406,-1.56280632147,4.27073943865,0.0,1.18536831424e-16,4.33765890281e-17
3.0,hammer,RobotiQ 3-Finger Adaptive Gripper[reflex:distal_pad_1],5,0.0281064516639,0.00583690136593,0.150071718408,-0.178349437558,0.936432744371,-0.294559709644,7.10341798719,25.3676555167,4.76710944252,9.53397246703e-05,-0.00129381391294,0.000322390489391
3.0,hammer,RobotiQ 3-Finger Adaptive Gripper[reflex:distal_pad_2],8,0.0753721420342,0.0077467993662,0.129921113809,0.0435424426207,0.98947945509,0.0702829056932,5.65004561157,24.1312464916,-8.3981448825,0.000666583180284,0.0128812265537,0.00227320012667
3.0,hammer,RobotiQ 3-Finger Adaptive Gripper[reflex:distal_pad_3],9,0.0494959796823,-0.0182700306899,0.134442431772,0.0406604860088,-0.985992527213,-0.135502196935,-11.2920470219,-51.0282855592,-1.00550605558,-0.0011307734983,0.044351662107,0.00632658402497
3.01,floor,hammer,4,0.237916292285,-0.020407717267,-1.3585331754e-05,0.0,0.0,-0.998087897897,1.35668828352,-1.36233181474,2.35671864376,0.0,-6.54120825216e-17,-3.78123036975e-17
3.01,hammer,RobotiQ 3-Finger Adaptive Gripper[reflex:distal_pad_1],5,0.0283653636256,0.00586903339275,0.150930443667,-0.176065800516,0.942003609415,-0.277010996716,7.08444285359,25.5745852658,5.44769405781,0.00272424043791,-0.0174883639587,0.00418377327157
3.01,hammer,RobotiQ 3-Finger Adaptive Gripper[reflex:distal_pad_2],8,0.0752751369251,0.00774607290793,0.130711083786,0.0586292292177,0.984812516726,0.0514149084873,5.84798075923,23.5649045045,-9.68146921011,0.000433330413733,0.0132252098828,0.00216129757598
3.01,hammer,RobotiQ 3-Finger Adaptive Gripper[reflex:distal_pad_3],9,0.0492887937039,-0.0182898005904,0.135447902008,0.0565217699968,-0.986518968663,-0.129047868184,-11.4699785178,-50.8142151303,-2.7363453225,-0.00346631131832,0.0630383232446,0.00689855350436
3.02,floor,hammer,3,0.237660935282,-0.0201472271877,-1.43540681183e-05,0.0,0.0,-0.997450530529,1.72516898838,-1.72516898838,3.96455219501,0.0,0.0,0.0
3.02,hammer,RobotiQ 3-Finger Adaptive Gripper[reflex:distal_pad_1],5,0.0283937136526,0.00576969286081,0.15146064358,-0.190515602654,0.935636437653,-0.290380001073,6.78570820855,25.1812123441,4.91941107031,-0.00111742967448,0.0122869989955,-0.00370624090416
3.02,hammer,RobotiQ 3-Finger Adaptive Gripper[reflex:distal_pad_2],8,0.0755419126187,0.00775814400899,0.131173566232,0.0510545930576,0.988271949323,0.0885915033555,5.87217627643,23.840856639,-9.12224005856,0.000454542476725,0.0161751900674,0.00258347135067
3.02,hammer,RobotiQ 3-Finger Adaptive Gripper[reflex:distal_pad_3],9,0.0494810015468,-0.0182365071785,0.135877569528,0.0473362373795,-0.986263120858,-0.12847615605,-11.1856591259,-51.0382028077,-0.764509224452,-0.0038319992228,0.055655253398,0.0057461828649
3.03,floor,hammer,2,0.237561181449,-0.0201578410443,-1.62388551294e-05,0.0,0.0,-0.995857447386,1.3489808291,-1.35459229897,2.5443800496,0.0,0.0,0.0
3.03,hammer,RobotiQ 3-Finger Adaptive Gripper[reflex:distal_pad_1],5,0.0282187514254,0.00576773321724,0.15239273695,-0.188429485005,0.935460898727,-0.292407661709,6.67954885033,25.0026933811,4.86994473846,-0.00092422612826,0.0112817362727,-0.00346715920816
3.03,hammer,RobotiQ 3-Finger Adaptive Gripper[reflex:distal_pad_2],8,0.0754663823796,0.00777868621032,0.131892945838,0.0487741475656,0.986313067121,0.084386965147,6.09810924203,23.9397456792,-8.92938652852,0.0006294522716,0.0186229037959,0.00318587671801
3.03,hammer,RobotiQ 3-Finger Adaptive Gripper[reflex:distal_pad_3],9,0.049521146111,-0.0182091205111,0.136547690032,0.0427541647515,-0.985597015512,-0.140327137523,-11.4541352791,-50.6407689255,-2.59053273174,-0.00112208756887,0.0430806755335,0.00744149947373
3.04,floor,hammer,2,0.237070524402,-0.0199429040805,-1.521543631e-05,0.0,0.0,-0.997928723693,1.65274123712,-1.6596162849,4.14871438349,0.0,0.0,0.0
3.04,hammer,RobotiQ 3-Finger Adaptive Gripper[reflex:distal_pad_1],5,0.0280977928487,0.00575404715318,0.153288852996,-0.185969911003,0.936053033832,-0.291433387366,6.78375723766,25.2058710821,4.87328210049,-0.0015990026077,0.0148546123175,-0.0044313118427
3.04,hammer,RobotiQ 3-Finger Adaptive Gripper[reflex:distal_pad_2],8,0.0755117376196,0.00778699827968,0.132555062657,0.047084126878,0.985723766427,0.0934979518975,6.11971816021,23.9301850619,-9.0167748695,0.000455978727435,0.0199965037369,0.00352145882755
3.04,hammer,RobotiQ 3-Finger Adaptive Gripper[reflex:distal_pad_3],9,0.0495220015628,-0.0181736912083,0.137166763602,0.0378496051733,-0.985195398756,-0.142130476211,-11.4458788377,-51.0698734546,-0.570612528726,-0.00075849607137,0.0429924881054,0.00777454390791
3.05,floor,hammer,2,0.236580517666,-0.0197271420407,-1.1777714091e-05,0.0,0.0,-0.997928723693,0.90379328374,-0.907552869251,2.5241404355,0.0,0.0,0.0
3.05,hammer,RobotiQ 3-Finger Adaptive Gripper[reflex:distal_pad_1],4,0.0280604427376,0.00575813478406,0.154073905131,-0.174306365044,0.935476829731,-0.298096794402,7.50004983794,24.5651744791,3.77872472379,-0.000776462678487,0.00631681263655,-0.0018657057663
3.05,hammer,RobotiQ 3-Finger Adaptive Gripper[reflex:distal_pad_2],8,0.0752383133961,0.00780505871555,0.133210293149,0.0437029576364,0.989729765169,0.0645052144224,6.61353178075,24.9383959779,-6.45595137257,0.000491255700199,0.0207807263808,0.00276282929412
3.05,hammer,RobotiQ 3-Finger Adaptive Gripper[reflex:distal_pad_3],9,0.0493912057457,-0.0181419578577,0.137832786927,0.0558575092897,-0.984776820146,-0.143348820781,-13.0452488778,-50.4076264347,-3.9762421657,-0.00129722273234,0.041632861314,0.00715580756697
3.06,floor,hammer,1,0.23731608484,-0.0198600390368,-2.37133597685e-05,0.0,0.0,-0.995857447386,1.50673277896,-1.51300046298,3.91027946752,0.0,0.0,0.0
3.06,hammer,RobotiQ 3-Finger Adaptive Gripper[reflex:distal_pad_1],4,0.0275591401751,0.00557359851756,0.154673528652,-0.132119666447,0.942856612442,-0.300321669538,8.09047241894,24.4252155859,3.61101201529,-0.000220165250839,0.00174823868561,-0.00013422632747
3.06,hammer,RobotiQ 3-Finger Adaptive Gripper[reflex:distal_pad_2],8,0.0757468664846,0.00780158351456,0.13387298993,0.0376654036762,0.986099270666,0.0870558704398,5.95957252614,24.5242794539,-7.73280790912,0.000554067393052,0.0134765404814,0.00250607701291
3.06,hammer,RobotiQ 3-Finger Adaptive Gripper[reflex:distal_pad_3],9,0.0493187845713,-0.0181629009324,0.138844772991,0.042312848462,-0.985626119817,-0.136621421349,-12.6236444595,-50.9603897077,-0.905211012757,-0.00207405217744,0.0539717888035,0.00625252555852
3.07,floor,hammer,1,0.236811609687,-0.0196321282345,-2.54896052033e-05,0.0,0.0,-0.995857447386,1.30514227464,-1.31057138556,2.56110138077,-4.4403885732e-21,-4.42199402991e-21,0.0
3.07,hammer,RobotiQ 3-Finger Adaptive Gripper[reflex:distal_pad_1],4,0.0280500966566,0.00578773766505,0.155788986861,-0.192514733388,0.930545218735,-0.303167997049,6.62371059599,24.3818557725,3.56046009408,-0.00261043001564,0.0185194146865,-0.00550396673625
3.07,hammer,RobotiQ 3-Finger Adaptive Gripper[reflex:distal_pad_2],8,0.0757792497898,0.00781598178573,0.134532151261,0.0554408034922,0.98079188819,0.1310594647,6.06469582956,24.6016687321,-7.61882124891,0.000502331981879,0.0125093612905,0.00245297738624
3.07,hammer,RobotiQ 3-Finger Adaptive Gripper[reflex:distal_pad_3],9,0.0494826154422,-0.0180899845822,0.139313430299,0.036525982717,-0.984679882642,-0.148119720463,-11.421659519,-50.4352479439,-2.72438354615,-0.000639321863292,0.0425758522921,0.00692098283873
3.08,floor,hammer,3,0.23630001897,-0.019403265901,-9.96800007508e-06,0.0,0.0,-0.998619149129,1.19744950432,-1.19973133639,4.34470114451,-9.40555461903e-07,-1.28081522014e-06,4.18400303844e-05
3.08,hammer,RobotiQ 3-Finger Adaptive Gripper[reflex:distal_pad_1],4,0.0284429647172,0.00578494635876,0.15635561801,-0.201117949964,0.928950107764,-0.30354658614,6.32133805829,24.3448915051,3.63248208721,-0.00392398186633,0.0279934442358,-0.00817935501446
3.08,hammer,RobotiQ 3-Finger Adaptive Gripper[reflex:distal_pad_2],8,0.0751285702405,0.00788363158325,0.135216445056,0.051325437429,0.987223976049,0.0283277310271,6.37018285985,24.6342434725,-7.65649833004,0.000682843841651,0.0138212906228,0.00295033159833
3.08,hammer,RobotiQ 3-Finger Adaptive Gripper[reflex:distal_pad_3],10,0.0498010455401,-0.0180199803826,0.139615214528,0.0268548395102,-0.983090804002,-0.144652119923,-11.5280712054,-50.5910591972,-0.729402982427,-0.000472326289474,0.0443247243682,0.00644238119658
3.09,floor,hammer,3,0.235780827933,-0.0191810699205,-1.04759749888e-05,0.0,0.0,-0.998619149129,1.22619746472,-1.22851886907,2.91489220262,6.37327351003e-07,2.12006485402e-07,7.44885982383e-06
3.09,hammer,RobotiQ 3-Finger Adaptive Gripper[reflex:distal_pad_1],3,0.0285718314839,0.00578828496827,0.157093846041,-0.20384294763,0.929457014747,-0.303410378442,5.8633915584,24.2328961015,3.6878012949,-0.00336751484265,0.0200731397364,-0.00626959899239
3.09,hammer,RobotiQ 3-Finger Adaptive Gripper[reflex:distal_pad_2],8,0.0752012229903,0.00791095171235,0.13569117883,0.0419648849655,0.988530559986,0.099767925439,3.65018080637,25.1195113006,-6.48382300522,0.000575746126699,0.0175047804297,0.00246233994808
3.09,hammer,RobotiQ 3-Finger Adaptive Gripper[reflex:distal_pad_3],10,0.0497985332459,-0.0180099104958,0.140614722728,0.0320582862401,-0.985283723803,-0.139397171434,-8.08242311335,-50.2598014074,-3.56143126138,-0.0020195632799,0.058827057999,0.00761577881843
3.1,floor,hammer,3,0.23525142866,-0.0189644171035,-1.18291101675e-05,0.0,0.0,-0.998619149129,1.50440750972,-1.50711225838,4.47139584068,-3.74664240006e-07,-6.98927806013e-07,2.63009995938e-05
3.1,hammer,RobotiQ 3-Finger Adaptive Gripper[reflex:distal_pad_1],4,0.0285398202765,0.00577663181383,0.157887623364,-0.207360539746,0.929124618254,-0.301344922671,5.92737323333,24.2552924204,3.71354113923,-0.00179717170861,0.0132930944646,-0.00384210030251
3.1,hammer,RobotiQ 3-Finger Adaptive Gripper[reflex:distal_pad_2],8,0.0755870962423,0.0079273506673,0.136379503893,0.0447997377843,0.985313165772,0.11216625322,4.85333406833,24.8103687186,-7.38659766992,0.000656147906423,0.0223616314493,0.00389480963405
3.1,hammer,RobotiQ 3-Finger Adaptive Gripper[reflex:distal_pad_3],10,0.0499749565388,-0.0179347993013,0.141199838895,0.0254348872875,-0.984666546145,-0.144308529074,-9.50272432672,-50.6671060734,-0.867338921706,-0.0013806337482,0.0553420929081,0.00792117304751
3.11,floor,hammer,3,0.234717046796,-0.0187541390278,-1.23297906192e-05,0.0,0.0,-0.998619149129,1.24827840503,-1.25062982691,2.82363355987,8.32470855161e-07,4.38556103024e-07,5.00328105845e-06
3.11,hammer,RobotiQ 3-Finger Adaptive Gripper[reflex:distal_pad_1],4,0.0282848099636,0.00566540278414,0.158543908925,-0.187155853224,0.934160200732,-0.300565964925,5.96686109709,24.0351260831,3.81085452784,0.00112908184444,-0.00158458455529,0.00095309108052
3.11,hammer,RobotiQ 3-Finger Adaptive Gripper[reflex:distal_pad_2],8,0.0753607198968,0.00797409838695,0.137020873765,0.037860598494,0.98777174387,0.0977677271115,6.46894458544,24.9876488075,-7.00150008974,0.000555589738113,0.0185207917098,0.00315856207961
3.11,hammer,RobotiQ 3-Finger Adaptive Gripper[reflex:distal_pad_3],10,0.049900774258,-0.0178870936469,0.141889842796,0.0230282063757,-0.984272890638,-0.147176825988,-11.2641436803,-50.0881776159,-3.20914785866,-0.00152117583474,0.0547096183163,0.00811824776468
3.12,floor,hammer,3,0.234177761728,-0.0185467130866,-1.36189453074e-05,0.0,0.0,-0.998619149129,1.02861968541,-1.03066795102,4.59381550629,-1.67966274718e-06,-1.96409103224e-06,4.45419105564e-05
3.12,hammer,RobotiQ 3-Finger Adaptive Gripper[reflex:distal_pad_1],4,0.0283486201097,0.00573547420309,0.159461789799,-0.178716039923,0.933884183312,-0.302829990947,7.22212485724,24.1395732865,3.49568173118,-0.000552848163644,0.0037915753939,-0.00105797858372
3.12,hammer,RobotiQ 3-Finger Adaptive Gripper[reflex:distal_pad_2],8,0.0750679343073,0.00801536279294,0.137688242874,0.046765523757,0.989462943663,0.0931473587257,2.18106236706,25.4741772051,-6.04933293271,0.000666143699519,0.0172673287059,0.00233025135964
3.12,hammer,RobotiQ 3-Finger Adaptive Gripper[reflex:distal_pad_3],10,0.0497043441276,-0.0178998351647,0.143058968158,0.033759404378,-0.986577832411,-0.135633006484,-8.54037766681,-50.4419788867,-1.9213881289,-0.00176495699314,0.0656379239329,0.00931491288109
3.13,floor,hammer,3,0.233634694346,-0.0183451882385,-1.41187900499e-05,0.0,0.0,-0.998619149129,1.11462113589,-1.11678776953,2.6079623579,6.73218981592e-07,2.70815169625e-07,6.79830272776e-06
3.13,hammer,RobotiQ 3-Finger Adaptive Gripper[reflex:distal_pad_1],4,0.0289615772077,0.00568166968973,0.159708331117,-0.205803511978,0.928491968484,-0.303891647763,6.30418510791,24.0447282318,3.58597987389,-0.00327538197254,0.0204893403435,-0.00600078887839
3.13,hammer,RobotiQ 3-Finger Adaptive Gripper[reflex:distal_pad_2],8,0.0753815468617,0.00805017390047,0.138326723898,0.0364136456731,0.988891038178,0.0970999444791,3.22659084314,25.5261614527,-5.99520327505,0.000466054852777,0.0191901546874,0.00325425799669
3.13,hammer,RobotiQ 3-Finger Adaptive Gripper[reflex:distal_pad_3],10,0.04980475257,-0.0178469432632,0.143777100468,0.0233958257406,-0.986511369515,-0.133893830655,-8.44305063369,-49.9632441458,-4.2878398373,-0.00213989818068,0.0653344694589,0.0088403383885
3.14,floor,hammer,3,0.233087145029,-0.0181416026704,-1.5384311838e-05,0.0,0.0,-0.998619149129,1.27837457382,-1.28076674019,4.54699729924,-1.09139955941e-06,-1.40260641616e-06,3.6500308746e-05
3.14,hammer,RobotiQ 3-Finger Adaptive Gripper[reflex:distal_pad_1],4,0.0285930765724,0.00576980050297,0.16095761645,-0.194271293261,0.930694767893,-0.303611979288,6.73925945141,24.258582059,3.67959205034,-0.00387364188517,0.0262226389252,-0.00722273966696
3.14,hammer,RobotiQ 3-Finger Adaptive Gripper[reflex:distal_pad_2],8,0.0753875778988,0.00810784331047,0.139005647648,0.0504814472161,0.984701082844,0.106592779348,2.50302876485,25.2797508436,-6.67249039268,0.000809350617924,0.0222598039615,0.00367274052293
3.14,hammer,RobotiQ 3-Finger Adaptive Gripper[reflex:distal_pad_3],10,0.0495440202885,-0.017787038112,0.144511557306,0.0402127782902,-0.986622657204,-0.140483494912,-8.17271616734,-50.452399981,-1.49984255088,-0.00200357705105,0.0510778090122,0.00707563372192
3.15,floor,hammer,3,0.232539111046,-0.0179405173357,-1.57681034702e-05,0.0,0.0,-0.998619149129,1.15716914376,-1.15939383917,2.7471037198,5.86354159273e-07,1.56237266797e-07,1.22928395986e-05
3.15,hammer,RobotiQ 3-Finger Adaptive Gripper[reflex:distal_pad_1],4,0.0287806404328,0.00584313030415,0.161881530543,-0.186602301187,0.933243999138,-0.301472319183,6.42885767061,24.1540733966,3.72038081576,-0.00546878555968,0.0397588231288,-0.0112984107724
3.15,hammer,RobotiQ 3-Finger Adaptive Gripper[reflex:distal_pad_2],8,0.0751407963848,0.0081256408471,0.139711231853,0.0584505765715,0.984856500622,0.103038538973,6.27611370089,25.018245594,-7.32117006201,0.000938550588264,0.0195194836912,0.00286215078924
3.15,hammer,RobotiQ 3-Finger Adaptive Gripper[reflex:distal_pad_3],10,0.0494843085267,-0.0177493611839,0.145204140418,0.0367707032039,-0.986840096291,-0.133358191346,-11.463896157,-50.2245487804,-2.84467461594,-0.000933771264765,0.0585353787987,0.00756266190453
3.16,floor,hammer,3,0.231989630411,-0.017740757195,-1.69315288746e-05,0.0,0.0,-0.998619149129,1.67249868872,-1.67543373543,4.22596472599,1.88895036784e-07,-1.4196708887e-07,1.68314595722e-05
3.16,hammer,RobotiQ 3-Finger Adaptive Gripper[reflex:distal_pad_1],4,0.0287478477459,0.00584393831844,0.162675528614,-0.192546151573,0.933586415632,-0.298614107418,5.99508293736,24.3709973906,4.02592645507,-0.00326371405067,0.0210892694039,-0.00624135702652
3.16,hammer,RobotiQ 3-Finger Adaptive Gripper[reflex:distal_pad_2],8,0.075450451117,0.00815936887248,0.140367717969,0.0579667023283,0.98172457261,0.112850509808,6.67054891471,24.493827841,-8.6781366294,0.00127755694148,0.023189062924,0.00394793391106
3.16,hammer,RobotiQ 3-Finger Adaptive Gripper[reflex:distal_pad_3],10,0.0500256507998,-0.0176551309647,0.145623110533,0.0429724430635,-0.987552053786,-0.125768396999,-11.4190562657,-50.5533781732,-0.0974527615553,-0.0024458615832,0.0548470571243,0.00605218303134
3.17,floor,hammer,3,0.231440685316,-0.0175433876729,-1.72462196264e-05,0.0,0.0,-0.998619149129,1.29936330891,-1.30178340628,2.62574918366,1.58382746489e-06,1.07643207807e-06,-1.42382196751e-05
3.17,hammer,RobotiQ 3-Finger Adaptive Gripper[reflex:distal_pad_1],4,0.0288297714817,0.0057723402613,0.163172885552,-0.208782455341,0.930455951566,-0.298104624508,5.53439238012,24.3682345937,4.38323021241,-0.000971759499627,0.00361995297127,-0.00083274292511
3.17,hammer,RobotiQ 3-Finger Adaptive Gripper[reflex:distal_pad_2],8,0.075321058837,0.0082037204908,0.140973019897,0.0425297307239,0.989495518607,0.0873046809853,6.67580172691,24.4794667562,-8.83570232661,0.000430755794114,0.0127725039781,0.0017794153543
3.17,hammer,RobotiQ 3-Finger Adaptive Gripper[reflex:distal_pad_3],10,0.0500403544299,-0.0176271774127,0.146495512799,0.0340528038581,-0.987246682743,-0.131653003991,-10.8762615813,-50.267321193,-2.17877632758,-0.00237899501465,0.0441504103811,0.00468506857594
3.18,floor,hammer,3,0.230887851718,-0.0173522205243,-1.83417043825e-05,0.0,0.0,-0.998619149129,1.44586063234,-1.44848253372,4.29339030874,-5.10282963757e-07,-8.73122515522e-07,2.70181550834e-05
3.18,hammer,RobotiQ 3-Finger Adaptive Gripper[reflex:distal_pad_1],4,0.0291221121327,0.00586751993788,0.163995024423,-0.216944327449,0.928256893459,-0.299148740686,5.2980040271,24.0134199626,4.01270398473,0.00152045808184,-0.00721091654952,0.00216867946443
3.18,hammer,RobotiQ 3-Finger Adaptive Gripper[reflex:distal_pad_2],8,0.0750959780578,0.00824960852074,0.141619655519,0.053583892378,0.98634233357,0.117111208659,5.66360419489,25.1336016489,-7.30453159323,0.000806436846278,0.0159862932695,0.00242893019428
3.18,hammer,RobotiQ 3-Finger Adaptive Gripper[reflex:distal_pad_3],10,0.0497908900246,-0.0175973891919,0.147326587071,0.036615102338,-0.986589947215,-0.135564634161,-9.47355121872,-50.3321995297,-1.38468177774,-0.0027738488088,0.0575122240939,0.00731576562312
3.19,floor,hammer,3,0.230329078479,-0.0171672294803,-1.85813819961e-05,0.0,0.0,-0.998619149129,1.15163776852,-1.15385343763,2.81917068337,4.48917809477e-07,-4.6331221612e-08,1.36422548889e-05
3.19,hammer,RobotiQ 3-Finger Adaptive Gripper[reflex:distal_pad_1],4,0.0290256735285,0.00603523411781,0.165403812676,-0.219769371699,0.926351342298,-0.300680468652,5.46614287479,24.2051259235,4.07767632217,-0.00189598636441,0.00971433090054,-0.00291440230753
3.19,hammer,RobotiQ 3-Finger Adaptive Gripper[reflex:distal_pad_2],8,0.0751061936293,0.00827878761849,0.142281630539,0.0474829821924,0.988811066005,0.0951951877895,7.17966282892,25.0804270673,-7.3853550963,0.000723753007101,0.0158025024855,0.00241693729363
3.19,hammer,RobotiQ 3-Finger Adaptive Gripper[reflex:distal_pad_3],9,0.0496418526541,-0.017561178308,0.14812651575,0.0492331777442,-0.986336156095,-0.136314006628,-11.6868174316,-49.931601731,-3.09826372114,-0.00109030546537,0.0451205919126,0.00680131444043
3.2,floor,hammer,3,0.229765490801,-0.0169833360232,-1.96503610159e-05,0.0,0.0,-0.998619149129,1.47630280328,-1.47896590184,4.26158314148,-4.10715648354e-07,-8.31752204319e-07,2.70830321827e-05
3.2,hammer,RobotiQ 3-Finger Adaptive Gripper[reflex:distal_pad_1],4,0.0290374981549,0.00587057798398,0.16567028991,-0.218667373198,0.922014218194,-0.31282981633,5.66358515479,24.3622237175,4.05605457742,-0.00133062941728,0.0079877044251,-0.00225272973303
3.2,hammer,RobotiQ 3-Finger Adaptive Gripper[reflex:distal_pad_2],8,0.0751411634028,0.0083136831008,0.142933973516,0.0535968250768,0.986041589104,0.101417710772,7.24496741505,24.6547135146,-8.53383481265,0.000838483026239,0.0168654349619,0.0026278936017
3.2,hammer,RobotiQ 3-Finger Adaptive Gripper[reflex:distal_pad_3],10,0.0500953020266,-0.0174859501917,0.148655904066,0.0391199620697,-0.986616781336,-0.135161742144,-11.5582584787,-50.5692649433,-0.242808447598,-0.00143444398557,0.0403293169758,0.00508490150434
3.21,floor,hammer,3,0.229198317571,-0.0167919742716,-1.98263278269e-05,0.0,0.0,-0.998619149129,0.900051281009,-0.901919082726,2.75746382291,-5.86814761967e-07,-1.2009571717e-06,3.68006022151e-05
3.21,hammer,RobotiQ 3-Finger Adaptive Gripper[reflex:distal_pad_1],4,0.0288196617868,0.00581405558903,0.166457575701,-0.203321391891,0.926067795585,-0.307949449101,6.48421720856,24.2803553616,3.86879896274,-0.00366867822045,0.0260163110729,-0.00714407668753
3.21,hammer,RobotiQ 3-Finger Adaptive Gripper[reflex:distal_pad_2],8,0.0753110431757,0.00832140138929,0.143686620731,0.037943265848,0.99002461734,0.0857064784731,7.14787752011,24.4728699749,-9.03462583833,0.000426374812968,0.0109470535719,0.00143549477792
3.21,hammer,RobotiQ 3-Finger Adaptive Gripper[reflex:distal_pad_3],10,0.0500568218536,-0.0174109771524,0.149189369884,0.0390120834648,-0.985745575299,-0.144428239706,-12.7985595712,-50.2387230434,-1.46463964088,-0.000815300924374,0.0321348710895,0.00448473649708
3.22,floor,hammer,3,0.228624680887,-0.0165889369273,-2.08029078613e-05,0.0,0.0,-0.998619149129,1.3337797215,-1.33624540664,4.36572436428,-1.01892999609e-06,-1.48269660515e-06,4.14858227218e-05
3.22,hammer,RobotiQ 3-Finger Adaptive Gripper[reflex:distal_pad_1],4,0.0290047844599,0.0059982358747,0.167696969513,-0.209492023795,0.925708172817,-0.306400283054,6.30712908268,24.061750971,3.43747361701,-0.00451139566095,0.0311759701664,-0.0088355215848
3.22,hammer,RobotiQ 3-Finger Adaptive Gripper[reflex:distal_pad_2],8,0.0752777747026,0.00834780146353,0.144237273838,0.0383870520228,0.987612409366,0.110777430404,7.12537401524,24.875681325,-8.09079335925,0.000685349273739,0.0135833463406,0.00195473441105
3.22,hammer,RobotiQ 3-Finger Adaptive Gripper[reflex:distal_pad_3],10,0.050124736626,-0.0173701387343,0.149878582611,0.0107163169928,-0.98660540628,-0.142592781474,-12.2877382271,-50.4944516451,-0.0149121548777,0.000619118440064,0.0309415989967,0.00505235356941
3.23,floor,hammer,3,0.228048179442,-0.0163750247685,-2.0885117898e-05,0.0,0.0,-0.998619149129,1.26889632327,-1.27127180927,2.60929413666,1.75681579811e-06,1.09686440265e-06,-2.06853737597e-05
3.23,hammer,RobotiQ 3-Finger Adaptive Gripper[reflex:distal_pad_1],4,0.0291200434232,0.00571783449818,0.16763715043,-0.195720354771,0.928479430847,-0.305258624933,6.61823170779,24.3731519934,4.10275141985,-0.00227300145446,0.0132286451274,-0.00317429147709
3.23,hammer,RobotiQ 3-Finger Adaptive Gripper[reflex:distal_pad_2],8,0.0753948853603,0.00838352837392,0.144851566032,0.0374470754729,0.984102996326,0.124972219312,7.2536632824,24.3744211915,-9.25035015503,0.000816527723508,0.0101573689621,0.00148654555586
3.23,hammer,RobotiQ 3-Finger Adaptive Gripper[reflex:distal_pad_3],10,0.049812164905,-0.0173741079733,0.150825748134,0.041210166963,-0.984870653636,-0.148743884282,-12.5645290726,-50.1668962784,-1.55827158791,-0.00105912860887,0.0497695937626,0.00792122249828
3.24,floor,hammer,3,0.227465471223,-0.0161525388315,-2.18365706314e-05,0.0,0.0,-0.998619149129,1.14998080647,-1.15219201096,4.55514339932,-1.87495090318e-06,-2.40228299632e-06,6.18230398704e-05
3.24,hammer,RobotiQ 3-Finger Adaptive Gripper[reflex:distal_pad_1],4,0.0290578205754,0.00580864146387,0.168704999494,-0.197149750412,0.930680705148,-0.300350564366,6.51427629879,24.1791782826,3.71660288599,-0.00355422372437,0.0208019228843,-0.00518375062485
3.24,hammer,RobotiQ 3-Finger Adaptive Gripper[reflex:distal_pad_2],8,0.0750779645176,0.00841267247427,0.145637785122,0.0453299073007,0.986949059439,0.0521825853952,7.29816365146,24.9028204381,-8.25021305701,0.000472190772512,0.00940367695701,0.00182026244438
3.24,hammer,RobotiQ 3-Finger Adaptive Gripper[reflex:distal_pad_3],9,0.0496810642741,-0.0173552674825,0.151577741779,0.0381362592332,-0.985227957039,-0.140088152363,-13.0403977419,-50.6193010987,0.0469165289664,0.000553170936155,0.0499360845079,0.00868410016045
3.25,floor,hammer,3,0.226878570096,-0.0159205793667,-2.18495928465e-05,0.0,0.0,-0.998619149129,1.39988342438,-1.40243853154,2.47701605616,3.00455709971e-06,2.32986966466e-06,-4.67829610463e-05
3.25,hammer,RobotiQ 3-Finger Adaptive Gripper[reflex:distal_pad_1],5,0.0294002927668,0.00576867429679,0.169127824885,-0.207600299238,0.926864913551,-0.303479840441,6.42810220079,24.2649705365,4.39131107457,-0.00211779761032,0.0124006820738,-0.0025927851627
3.25,hammer,RobotiQ 3-Finger Adaptive Gripper[reflex:distal_pad_2],8,0.0753101046048,0.00843987144107,0.146194607346,0.0460962940571,0.980710878371,0.104322156052,7.30048191502,24.4042321425,-9.38905518567,0.000667870766267,0.00837326313094,0.00111982392866
3.25,hammer,RobotiQ 3-Finger Adaptive Gripper[reflex:distal_pad_3],9,0.0497773074272,-0.017321200261,0.152296525572,0.0375356973244,-0.985357164171,-0.140625623297,-12.6418581208,-50.1140039848,-1.80903719652,-0.000290586540674,0.0432132497052,0.00673499856046
3.26,floor,hammer,3,0.226286044281,-0.0156871989853,-2.27301700353e-05,0.0,0.0,-0.998619149129,1.31657784242,-1.3190179061,4.41377634697,-1.24670920614e-06,-1.75403568981e-06,4.32753970257e-05
3.26,hammer,RobotiQ 3-Finger Adaptive Gripper[reflex:distal_pad_1],5,0.0289057099668,0.00566813831293,0.16999546954,-0.178611073794,0.932965711856,-0.30055559404,6.73515197781,23.6199556337,3.86933691203,-0.00158165604994,0.00526371665267,-0.000295000872934
3.26,hammer,RobotiQ 3-Finger Adaptive Gripper[reflex:distal_pad_2],8,0.0751838242767,0.00846931689385,0.146895144337,0.0456722223813,0.985177096208,0.0718562747396,7.29306619141,24.9778266464,-8.24355704339,0.000520358770183,0.00807680642515,0.00130331268778
3.26,hammer,RobotiQ 3-Finger Adaptive Gripper[reflex:distal_pad_3],9,0.04950700689,-0.0172928263523,0.153117815093,0.0448706122437,-0.984722212561,-0.148105289019,-12.9184901886,-50.402501848,-0.146273936099,-9.76035264921e-05,0.0395939317263,0.00615071160665
3.27,floor,hammer,3,0.225690816056,-0.0154525225635,-2.26520670927e-05,0.0,0.0,-0.998619149129,1.19457186383,-1.19684288497,2.39768146777,2.0000773829e-06,1.33595907531e-06,-2.3113607987e-05
3.27,hammer,RobotiQ 3-Finger Adaptive Gripper[reflex:distal_pad_1],4,0.0292220316968,0.00567407801767,0.17053720637,-0.203269422117,0.928712633281,-0.29853736922,6.79094154505,24.0861376418,4.06227497618,-0.00175897636312,0.00759913732706,-0.0012330021751
3.27,hammer,RobotiQ 3-Finger Adaptive Gripper[reflex:distal_pad_2],8,0.0751388668239,0.00850530649997,0.147579829175,0.0493600965412,0.983248350794,0.0828960228318,7.40271260925,24.6779067124,-8.98903863777,0.000154172655342,0.00732711398941,0.00142307801597
3.27,hammer,RobotiQ 3-Finger Adaptive Gripper[reflex:distal_pad_3],9,0.0500145312202,-0.0171795697827,0.153471262929,0.0273513618956,-0.98527502011,-0.144161203518,-13.1625673427,-49.8608225998,-1.98890790002,-0.000308964744488,0.042473719671,0.00673664067909
3.28,floor,hammer,3,0.225089264163,-0.0152143453936,-2.35038597067e-05,0.0,0.0,-0.998619149129,1.4670672346,-1.46971378736,4.00857909554,-2.02381294778e-07,-7.36669474776e-07,2.00929487081e-05
3.28,hammer,RobotiQ 3-Finger Adaptive Gripper[reflex:distal_pad_1],5,0.029390869309,0.00570299334929,0.171265554689,-0.207575512233,0.929573023289,-0.294622985158,6.45063330286,24.1661626889,4.16300245991,-0.00240012610998,0.0121086752265,-0.00257218953526
3.28,hammer,RobotiQ 3-Finger Adaptive Gripper[reflex:distal_pad_2],8,0.0749357147482,0.00854693951946,0.148168639505,0.0670667290768,0.979559183001,0.0951866861177,6.92400924314,24.5036659485,-9.42373776098,0.000888020337241,0.0180462433175,0.00307468603704
3.28,hammer,RobotiQ 3-Finger Adaptive Gripper[reflex:distal_pad_3],9,0.0498506237354,-0.0172030543087,0.154565332617,0.0229370458642,-0.984627211504,-0.14371549271,-12.0540174486,-50.5963323145,0.251192064799,-0.0015560404867,0.0484326155583,0.00745865027265
3.29,floor,hammer,3,0.224484174283,-0.014974358253,-2.3378825553e-05,0.0,0.0,-0.998619149129,1.23217625702,-1.23449786222,2.5330203898,1.98186658342e-06,1.25842914664e-06,-2.4565033728e-05
3.29,hammer,RobotiQ 3-Finger Adaptive Gripper[reflex:distal_pad_1],4,0.0292525387032,0.00576989030936,0.172357080106,-0.21063854974,0.929723525804,-0.287118801246,6.7868894266,24.2248811487,4.16697858044,-0.000835291753692,0.00191997718421,0.000154079109037
3.29,hammer,RobotiQ 3-Finger Adaptive Gripper[reflex:distal_pad_2],8,0.0750578742827,0.0085705147472,0.148877397087,0.0494754259868,0.983007942522,0.0841531155812,6.82243561505,24.405937024,-9.74358166604,0.00029724188614,0.00767387134777,0.00144716818693
3.29,hammer,RobotiQ 3-Finger Adaptive Gripper[reflex:distal_pad_3],10,0.0496571938106,-0.017150480353,0.155261055008,0.0357782117704,-0.985971166492,-0.139239239599,-12.3198074864,-50.2449832607,-1.19302602397,-0.00184058705355,0.061815259743,0.00860509925764
3.3,floor,hammer,3,0.223872127945,-0.0147243049128,-2.41760053843e-05,0.0,0.0,-0.998619149129,1.55773493529,-1.56050514507,4.08439600933,1.88030924591e-08,-5.85048993315e-07,1.75061186155e-05
3.3,hammer,RobotiQ 3-Finger Adaptive Gripper[reflex:distal_pad_1],4,0.029117592768,0.00586781833216,0.17357712065,-0.205690348328,0.92990807719,-0.290956954353,6.4057319152,24.5241462432,4.45006908031,-0.00229892506995,0.0150748031439,-0.00411437340829
3.3,hammer,RobotiQ 3-Finger Adaptive Gripper[reflex:distal_pad_2],8,0.0748248590906,0.00862952558757,0.149366228153,0.0568452999416,0.981121056108,0.0911053882405,6.74693736446,24.5872723443,-9.31171991366,0.000974614215174,0.0154582832549,0.0030300615658
3.3,hammer,RobotiQ 3-Finger Adaptive Gripper[reflex:distal_pad_3],9,0.0495773724588,-0.0171342318683,0.156024591486,0.0387659691499,-0.985184839607,-0.141226096209,-11.7836881767,-50.5288188329,-0.0798019033292,-0.00274597570818,0.0492400448363,0.00728784088349
3.31,floor,hammer,3,0.223259689507,-0.0144688561362,-2.39822433057e-05,0.0,0.0,-0.998619149129,1.19572389792,-1.19799358935,2.55575837205,1.81373575572e-06,9.69445017426e-07,-1.90698129736e-05
3.31,hammer,RobotiQ 3-Finger Adaptive Gripper[reflex:distal_pad_1],4,0.0293557167178,0.0058156933031,0.174055912271,-0.229017660709,0.918253182291,-0.309074234666,6.31437085027,23.6577619014,3.42476147154,-0.00359109967261,0.0230466526775,-0.00629581654679
3.31,hammer,RobotiQ 3-Finger Adaptive Gripper[reflex:distal_pad_2],8,0.0750709712892,0.00863246811424,0.150051896884,0.0511380987472,0.981482431351,0.105935652553,7.74141402082,25.0100641434,-8.20405977015,0.000697262609786,0.00927701740452,0.0019238554644
3.31,hammer,RobotiQ 3-Finger Adaptive Gripper[reflex:distal_pad_3],10,0.0499670746533,-0.0170309278918,0.156369824896,0.0274629292006,-0.984920646257,-0.149404614229,-12.8415660696,-49.9515634443,-1.94294331545,-0.000762182857245,0.0386467880625,0.00615427395231
3.32,floor,hammer,4,0.223228717079,-0.0144552700545,-1.86326332344e-05,0.0,0.0,-0.998087897897,1.41421107786,-1.42009389152,4.43196839403,0.0,0.0,0.0
3.32,hammer,RobotiQ 3-Finger Adaptive Gripper[reflex:distal_pad_1],4,0.0292337308914,0.00578703850611,0.174935804014,-0.225310851276,0.920161871517,-0.307587730388,6.08767993446,23.6478914956,3.45760721655,-0.00455848272401,0.0274538575079,-0.00723468829482
3.32,hammer,RobotiQ 3-Finger Adaptive Gripper[reflex:distal_pad_2],7,0.0749310173191,0.0086448712041,0.15086803598,0.0480219210385,0.984217221917,0.065327900791,7.72620350887,25.1788003521,-7.8885916571,0.000617432249989,0.00901908148189,0.00162227702151
3.32,hammer,RobotiQ 3-Finger Adaptive Gripper[reflex:distal_pad_3],10,0.0499083702232,-0.0169945593893,0.156919287424,0.0272933817655,-0.984399854439,-0.149509523541,-12.5033761278,-50.4168884803,-0.185544052062,-7.36202460685e-05,0.0332904235532,0.00606720491362
3.33,floor,hammer,3,0.222766495347,-0.0143693221962,-1.70199689953e-05,0.0,0.0,-1.0,1.3768754498,-1.3768754498,2.49062335876,0.0,0.0,0.0
3.33,hammer,RobotiQ 3-Finger Adaptive Gripper[reflex:distal_pad_1],4,0.0297947743721,0.00577421528043,0.175360317741,-0.230337483181,0.92885735692,-0.283923549232,5.62363665341,24.0140257313,4.86372100424,-0.00295160073031,0.0171467392234,-0.00419286007487
3.33,hammer,RobotiQ 3-Finger Adaptive Gripper[reflex:distal_pad_2],8,0.0749875682284,0.00866139543594,0.151488852371,0.0497503282825,0.983709071185,0.0818269495831,8.08944050509,24.4958416691,-9.46511465738,0.000462218440506,0.00677775488644,0.00130718679216
3.33,hammer,RobotiQ 3-Finger Adaptive Gripper[reflex:distal_pad_3],9,0.0496434301083,-0.0169790169736,0.157658323475,0.0284316431172,-0.982653687288,-0.158169527583,-12.4045652773,-49.7831418918,-2.16192541751,-0.00034150823168,0.0378147461119,0.00697048582124
3.34,floor,hammer,3,0.222146565306,-0.0140936780093,-1.32564855388e-05,0.0,0.0,-0.998619149129,1.7451140077,-1.7451140077,4.01914950438,0.0,0.0,0.0
3.34,hammer,RobotiQ 3-Finger Adaptive Gripper[reflex:distal_pad_1],4,0.0296827894236,0.00575377554149,0.176287192379,-0.232453724712,0.928580121316,-0.282457341898,5.71976120783,24.2421685826,5.01248664547,-0.00122900250596,0.00761872707983,-0.00191613911581
3.34,hammer,RobotiQ 3-Finger Adaptive Gripper[reflex:distal_pad_2],7,0.075041404901,0.00867976912079,0.15210190501,0.0504773931806,0.980971672561,0.084410882264,7.93892117817,24.3853625143,-9.87991943389,0.000876486596774,0.00874237858682,0.00173478607089
3.34,hammer,RobotiQ 3-Finger Adaptive Gripper[reflex:distal_pad_3],10,0.0498475137922,-0.0169297756453,0.158227840828,0.0181416677578,-0.982747504144,-0.158312964888,-12.3888007852,-50.2731914413,-0.0908167360635,1.92415858828e-05,0.0283397438675,0.00572697342229
3.35,floor,hammer,2,0.22196289314,-0.0138927165464,-1.20759293618e-05,0.0,0.0,-0.997928723693,1.40020418322,-1.40020418322,2.06504209936,0.0,0.0,0.0
3.35,hammer,RobotiQ 3-Finger Adaptive Gripper[reflex:distal_pad_1],4,0.0294794834041,0.0058242722202,0.177555447537,-0.213246471346,0.935948190275,-0.269133271988,5.95921471067,24.4451193524,5.8213810282,0.00119517316719,-0.00708911588588,0.0016046559911
3.35,hammer,RobotiQ 3-Finger Adaptive Gripper[reflex:distal_pad_2],7,0.0748980692511,0.00869489168116,0.152742404119,0.0541557599479,0.980013114104,0.087503616827,8.30517628635,24.0178512298,-10.7605216049,0.000958999084761,0.00763187083447,0.00145996639988
3.35,hammer,RobotiQ 3-Finger Adaptive Gripper[reflex:distal_pad_3],10,0.0497246737479,-0.0169430409517,0.159141159133,0.0244298509475,-0.983055189384,-0.159541191817,-12.9235748161,-49.9223492384,-2.21442568129,-0.0006352697952,0.0427123915971,0.00741388993676
3.36,floor,hammer,2,0.221346017169,-0.0136330294483,-9.74539163045e-06,0.0,0.0,-0.997928723693,1.75742650267,-1.76473701862,3.69029656556,-2.98958079602e-21,-2.97719630028e-21,0.0
3.36,hammer,RobotiQ 3-Finger Adaptive Gripper[reflex:distal_pad_1],4,0.0299817840387,0.00571857618745,0.177696999113,-0.249938665947,0.923918609389,-0.279220854363,5.78369088415,24.5872988575,5.8368681477,0.000167329091599,-0.000617563463987,8.52398431849e-05
3.36,hammer,RobotiQ 3-Finger Adaptive Gripper[reflex:distal_pad_2],8,0.0749626776119,0.00869713744364,0.153527910424,0.0442951803999,0.985077339621,0.0687349941662,8.24457601521,24.0059213947,-11.09724071,0.00063080857595,0.00922242115917,0.00139268693547
3.36,hammer,RobotiQ 3-Finger Adaptive Gripper[reflex:distal_pad_3],9,0.0498622548543,-0.0168893596213,0.159830130855,0.0373691210294,-0.985054449286,-0.142735737006,-12.678834921,-50.2394168666,-0.0381565449215,-0.000972100151577,0.0425127097374,0.00526379141341
3.37,floor,hammer,2,0.221836151524,-0.0140449774291,-7.93256703544e-06,0.0,0.0,-0.997928723693,1.42966806265,-1.43271688539,1.8460390681,1.09073939669e-06,2.70811295934e-07,1.57416014589e-05
3.37,hammer,RobotiQ 3-Finger Adaptive Gripper[reflex:distal_pad_1],4,0.03007775209,0.00571102885457,0.178418110781,-0.246714137315,0.926112832102,-0.275377848266,5.77395427522,24.5199176412,5.8617830734,7.93307382103e-05,3.75633952993e-05,-8.46011890867e-05
3.37,hammer,RobotiQ 3-Finger Adaptive Gripper[reflex:distal_pad_2],8,0.0749290690476,0.00870084019102,0.154204118513,0.0919410167706,0.970553500943,0.121037603367,8.47057748453,23.7790927834,-11.553562555,0.00109470630889,0.0112290841483,0.00179097377092
3.37,hammer,RobotiQ 3-Finger Adaptive Gripper[reflex:distal_pad_3],10,0.0499839820419,-0.0168492490331,0.160405364845,0.0188652022017,-0.98390666382,-0.147162339935,-12.8181114822,-49.9064789393,-1.72082887832,-0.00285447436349,0.0614244044321,0.0084509346332
3.38,floor,hammer,2,0.221217471568,-0.0137952654674,-9.56498740989e-06,0.0,0.0,-0.997928723693,1.81706134708,-1.8209418749,3.52095729606,1.33247608477e-06,-2.50997316914e-07,8.21333032706e-06
3.38,hammer,RobotiQ 3-Finger Adaptive Gripper[reflex:distal_pad_1],4,0.0298977283392,0.00573302697003,0.179468558428,-0.242429267218,0.927734326416,-0.274355942886,5.76664481871,24.5741361918,5.8861707055,8.10333536436e-05,9.91220339504e-05,-0.000108461502312
3.38,hammer,RobotiQ 3-Finger Adaptive Gripper[reflex:distal_pad_2],8,0.0747663243162,0.00875676968298,0.154732623526,0.0612033131483,0.981505388287,0.121409302908,8.54418909558,23.9518140921,-11.3285792938,0.000992553928303,0.0115730223804,0.00184802819203
3.38,hammer,RobotiQ 3-Finger Adaptive Gripper[reflex:distal_pad_3],10,0.0498950742807,-0.0168160877022,0.161111114777,0.0315382311863,-0.984041327291,-0.149994343113,-12.9355301538,-50.1962403298,-0.0426522585043,-0.00203530069902,0.0536278710718,0.00715056305937
3.39,floor,hammer,2,0.220592089552,-0.0135480666362,-9.89749339875e-06,0.0,0.0,-0.997928723693,0.959004333656,-0.961081109101,2.14319651228,8.5969335499e-07,-1.04233521461e-07,6.54798330486e-06
3.39,hammer,RobotiQ 3-Finger Adaptive Gripper[reflex:distal_pad_1],4,0.0299513387154,0.00574720744567,0.18031498258,-0.243156677374,0.927313015301,-0.281380683816,4.63587859315,23.1767484687,4.74597819387,0.00328860994174,-0.013385432227,0.00334811168889
3.39,hammer,RobotiQ 3-Finger Adaptive Gripper[reflex:distal_pad_2],8,0.0746680623372,0.00876873232886,0.155448198489,0.0658852633137,0.986463282899,0.0403695775576,9.11660727809,25.5470781873,-7.37715553686,0.00125575302399,0.0168800525891,0.00297207630967
3.39,hammer,RobotiQ 3-Finger Adaptive Gripper[reflex:distal_pad_3],10,0.0499750777087,-0.0167842347569,0.161801888451,0.0185661542214,-0.984187535447,-0.148279110126,-12.5688667728,-49.2571885188,-4.44568258465,-0.00220400112216,0.0629692091585,0.00861944748658
3.4,floor,hammer,2,0.219948732303,-0.0133045681804,-1.1482213384e-05,0.0,0.0,-0.997928723693,1.75687610028,-1.76064850379,3.7204607067,1.33997448912e-06,-3.37389565261e-07,6.87413946494e-06
3.4,hammer,RobotiQ 3-Finger Adaptive Gripper[reflex:distal_pad_1],3,0.0302938462302,0.00578488038544,0.180961833312,-0.24410082055,0.930064451552,-0.271672386115,4.54965019179,23.0236943189,4.66499889136,0.00264768755678,-0.0111174989633,0.00281492375433
3.4,hammer,RobotiQ 3-Finger Adaptive Gripper[reflex:distal_pad_2],8,0.0749192393043,0.0088075181045,0.15590654307,0.058496673563,0.980771719317,0.0847963021936,8.4357942679,24.9706561631,-8.99310524425,0.000985638157288,0.00963974053046,0.00180695135616
3.4,hammer,RobotiQ 3-Finger Adaptive Gripper[reflex:distal_pad_3],11,0.0496792377753,-0.0167720487559,0.162545622834,0.0412797548352,-0.984564526229,-0.152776572148,-11.3619051737,-49.7540621408,-1.01745768678,-0.00114512299014,0.0379467436816,0.0050929921082
3.41,floor,hammer,2,0.219295037367,-0.0130715703906,-1.18360937903e-05,0.0,0.0,-0.997928723693,0.767795564032,-0.769484801332,2.33886553887,7.64134022806e-07,-2.93401719135e-07,1.94034216081e-06
3.41,hammer,RobotiQ 3-Finger Adaptive Gripper[reflex:distal_pad_1],3,0.0306496615063,0.00577472135792,0.181419307008,-0.270698816326,0.918186858157,-0.283615371027,4.57936862853,23.4338094243,4.70244813757,0.00036032741788,-0.00073772790969,2.19732312468e-05
3.41,hammer,RobotiQ 3-Finger Adaptive Gripper[reflex:distal_pad_2],7,0.0742968358096,0.00885771828811,0.156519670189,0.062421268634,0.985227054285,0.0225199864755,9.39358856475,25.2366642037,-8.11636472429,0.00101189926419,0.020445340304,0.00276385002815
3.41,hammer,RobotiQ 3-Finger Adaptive Gripper[reflex:distal_pad_3],11,0.0499362916119,-0.0166704835998,0.162979687177,0.0303521305926,-0.982374488985,-0.165338522268,-12.9646394194,-48.9336221208,-3.5670247853,-0.00151178581327,0.0416312678546,0.00602436391905
3.42,floor,hammer,2,0.218627290451,-0.0128419247236,-1.33777226427e-05,0.0,0.0,-0.997928723693,1.59447282112,-1.59791316293,3.63126329577,1.28410600241e-06,-3.56046218774e-07,6.15959549444e-06
3.42,hammer,RobotiQ 3-Finger Adaptive Gripper[reflex:distal_pad_1],3,0.0313678866426,0.00582149190455,0.18168946969,-0.271230519618,0.918979374473,-0.278010408582,4.99626892844,23.7080724499,5.30334792345,0.000475123683562,-0.00178762592254,0.000370450416059
3.42,hammer,RobotiQ 3-Finger Adaptive Gripper[reflex:distal_pad_2],8,0.0745521649229,0.00886714972989,0.157187765921,0.0485321819869,0.986966129811,0.0525455602533,8.87750222301,24.4424971939,-10.3775040644,0.00054180605805,0.014705321928,0.00191143739136
3.42,hammer,RobotiQ 3-Finger Adaptive Gripper[reflex:distal_pad_3],10,0.0501501620924,-0.016641294897,0.163890363418,0.0277041320606,-0.985537608517,-0.144361910407,-12.4188296746,-49.8083685689,-0.339230442242,-0.00117942611732,0.0462808461353,0.00458118824369
3.43,floor,hammer,2,0.217952635068,-0.0126162662277,-1.36638801489e-05,0.0,0.0,-0.997928723693,1.34867871056,-1.3515929319,1.87209158039,1.14048667273e-06,3.07342843618e-07,1.85208602879e-05
3.43,hammer,RobotiQ 3-Finger Adaptive Gripper[reflex:distal_pad_1],3,0.0315161235569,0.00582607679949,0.182371756306,-0.273037760977,0.918133897293,-0.278043476342,4.87656909577,23.4857096631,5.20958134802,0.000595605470039,-0.00196415777028,0.000331331664271
3.43,hammer,RobotiQ 3-Finger Adaptive Gripper[reflex:distal_pad_2],8,0.0747116903356,0.00892253901111,0.157695436757,0.06504248288,0.980297599113,0.0974776434369,9.24367848453,24.5158641227,-10.2388065531,0.00132387266297,0.0134474660864,0.00222495128715
3.43,hammer,RobotiQ 3-Finger Adaptive Gripper[reflex:distal_pad_3],11,0.0498556432099,-0.016603632922,0.164587032739,0.0533213211586,-0.984142521478,-0.147260982261,-12.7948882335,-49.3915794277,-2.39144299457,-0.000927265563516,0.039465838043,0.00492468670445
3.44,floor,hammer,2,0.217265844763,-0.012395080608,-1.52380971195e-05,0.0,0.0,-0.997928723693,1.59174173292,-1.59520969835,3.95980904574,1.28931474564e-06,-5.02866648789e-07,3.3493036e-06
3.44,hammer,RobotiQ 3-Finger Adaptive Gripper[reflex:distal_pad_1],3,0.0307718302547,0.00568776739819,0.183468454278,-0.267279075123,0.915401140503,-0.298672610783,3.7917906118,22.6456983542,3.9339672059,0.001679283923,-0.00647996725148,0.00199315359301
3.44,hammer,RobotiQ 3-Finger Adaptive Gripper[reflex:distal_pad_2],8,0.0746355931718,0.00896693147476,0.158398120169,0.041858186062,0.982947951926,0.0792612245506,8.69778737015,25.0570189901,-9.14889120588,0.000844575005253,0.0106866900383,0.00180557963308
3.44,hammer,RobotiQ 3-Finger Adaptive Gripper[reflex:distal_pad_3],11,0.0499518957203,-0.0165299052272,0.165232809063,0.0412443073604,-0.984048455297,-0.1560442202,-11.0108096062,-49.7890826956,0.0665021501708,-0.00157879403702,0.0451053048837,0.0066106063878
3.45,floor,hammer,2,0.216565121151,-0.0121839824875,-1.56332961747e-05,0.0,0.0,-0.997928723693,1.29239725713,-1.29521044233,2.08970942812,1.05432539159e-06,1.19415947955e-07,1.39943939015e-05
3.45,hammer,RobotiQ 3-Finger Adaptive Gripper[reflex:distal_pad_1],3,0.031604739867,0.00592228400955,0.184141802998,-0.273076669024,0.920387584598,-0.26840094353,5.28513295408,23.9840278766,5.81488799012,-5.04361135332e-18,0.0,4.58412210455e-18
3.45,hammer,RobotiQ 3-Finger Adaptive Gripper[reflex:distal_pad_2],8,0.0747424163912,0.00899531909117,0.159015559743,0.0550938272396,0.981392782793,0.0926602368699,9.13897740677,24.0695938674,-11.6394073691,0.000989874535775,0.0124396428101,0.00199208055557
3.45,hammer,RobotiQ 3-Finger Adaptive Gripper[reflex:distal_pad_3],11,0.0495968014751,-0.0165225719261,0.166278639905,0.0405040740675,-0.983976278161,-0.156763342532,-13.1995100353,-49.6413780507,-1.36937761762,-0.00168431574185,0.0419626686511,0.0057889214026
3.46,floor,hammer,2,0.215857554318,-0.0119691925651,-1.71899894489e-05,0.0,0.0,-0.997928723693,1.66384518774,-1.66745294968,3.70011929295,1.31049841913e-06,-3.63059889155e-07,6.70429981311e-06
3.46,hammer,RobotiQ 3-Finger Adaptive Gripper[reflex:distal_pad_1],3,0.0313090729541,0.0058697542551,0.185032945746,-0.25037112535,0.929831074375,-0.253126829202,6.00591378807,24.6186441578,6.70874508713,-6.83304639477e-16,1.66697594286e-16,0.0
3.46,hammer,RobotiQ 3-Finger Adaptive Gripper[reflex:distal_pad_2],8,0.0745557945913,0.00903705511985,0.159690364375,0.0571482862755,0.983694964063,0.0658334351666,9.48489968775,23.8572595061,-12.2483622681,0.00114015382079,0.0173506975209,0.00296070349144
3.46,hammer,RobotiQ 3-Finger Adaptive Gripper[reflex:distal_pad_3],10,0.0497769191222,-0.0164650574511,0.166878424661,0.0349488143789,-0.983293037002,-0.157455781082,-13.8526296279,-49.9881899119,0.311009091518,-0.000769768393847,0.0387088015967,0.00562330053282
3.47,floor,hammer,2,0.215146269629,-0.01175242288,-1.75119442292e-05,0.0,0.0,-0.997928723693,1.25815270099,-1.26088104294,1.89022010222,1.05377471881e-06,2.08954083294e-07,1.62131104589e-05
3.47,hammer,RobotiQ 3-Finger Adaptive Gripper[reflex:distal_pad_1],3,0.031116653899,0.00591549282278,0.186151572073,-0.234928450684,0.934999689221,-0.250951993572,6.11968948294,24.6948868151,6.8728594907,-5.9612553528e-18,0.0,5.30798450587e-18
3.47,hammer,RobotiQ 3-Finger Adaptive Gripper[reflex:distal_pad_2],8,0.0746024624846,0.00905824332563,0.160465743113,0.0609584423426,0.985108906636,0.0570917375034,9.33199298245,23.6097436227,-13.0117072539,0.000900841777168,0.00969382701354,0.00207328565037
3.47,hammer,RobotiQ 3-Finger Adaptive Gripper[reflex:distal_pad_3],11,0.0498458469516,-0.0164135389334,0.167662845446,0.0590565968548,-0.985674848826,-0.141832377195,-14.0109893303,-49.5784176364,-1.21630391136,-0.00124003995792,0.0440758452453,0.00636799526508
3.48,floor,hammer,2,0.214426714756,-0.011529688392,-1.90904889567e-05,0.0,0.0,-0.997928723693,1.5844432854,-1.58787261267,3.61537146373,1.2520245177e-06,-3.86530196549e-07,5.76111078438e-06
3.48,hammer,RobotiQ 3-Finger Adaptive Gripper[reflex:distal_pad_1],3,0.0314123575372,0.00587030573636,0.186517778524,-0.262760417961,0.924965249866,-0.253538256503,6.09247760372,24.7979765247,6.89380728308,6.82302687879e-16,-1.69100222817e-16,5.28438196302e-18
3.48,hammer,RobotiQ 3-Finger Adaptive Gripper[reflex:distal_pad_2],8,0.0745640472069,0.00910922752878,0.161063835666,0.0516305024746,0.985311601037,0.0539782675124,9.34704792959,23.4728991399,-13.4030525236,0.000627588304633,0.0145199351106,0.00210819417229
3.48,hammer,RobotiQ 3-Finger Adaptive Gripper[reflex:distal_pad_3],11,0.0496553605985,-0.016371111843,0.168503703401,0.0405753323313,-0.984280822055,-0.156475272685,-13.9847972129,-50.1119702925,1.0805891233,-0.00112670015664,0.042332074342,0.00591387292099
3.49,floor,hammer,2,0.213701602844,-0.011305165054,-1.94163815023e-05,0.0,0.0,-0.997928723693,0.930129054297,-0.93217687432,2.40668078642,8.18495210497e-07,-2.71975133169e-07,3.41561667359e-06
3.49,hammer,RobotiQ 3-Finger Adaptive Gripper[reflex:distal_pad_1],2,0.0309842665107,0.00576299592165,0.187406791041,-0.289486872858,0.910477206106,-0.293050950833,3.49978161009,22.7412159406,3.88737040627,-0.000415155740703,0.00131497583168,-0.000357692768007
3.49,hammer,RobotiQ 3-Finger Adaptive Gripper[reflex:distal_pad_2],9,0.0745264655906,0.00912070524093,0.161816341117,0.0395318818681,0.988711216657,0.0475575172042,9.75365432229,25.3044166167,-8.88306724617,0.000327259318868,0.0156450457341,0.00225181367266
3.49,hammer,RobotiQ 3-Finger Adaptive Gripper[reflex:distal_pad_3],11,0.049854420221,-0.0162751201509,0.169016064024,0.0337622853437,-0.983167013323,-0.161894610308,-12.021887552,-49.2269873789,-1.94504864244,-0.00219546897658,0.0441500592842,0.00656048824693
3.5,floor,hammer,2,0.212959168136,-0.0110824499527,-2.11685914174e-05,0.0,0.0,-0.997928723693,1.40806027418,-1.41113053691,4.1540913814,1.26660238574e-06,-6.25077107036e-07,8.93416515446e-07
3.5,hammer,RobotiQ 3-Finger Adaptive Gripper[reflex:distal_pad_1],3,0.0309569915634,0.00594285914323,0.18878640068,-0.23135356095,0.935231893721,-0.250975268721,6.13092569372,24.7826610337,7.02298358798,-6.81765555026e-16,1.70167371686e-16,-5.31773036518e-18
3.5,hammer,RobotiQ 3-Finger Adaptive Gripper[reflex:distal_pad_2],8,0.0742667898304,0.00919019165102,0.162416577724,0.0592713254326,0.985882849247,0.0414454302627,9.91717859819,23.7939040413,-12.7115443566,0.000732554638074,0.0132718352159,0.00173324020033
3.5,hammer,RobotiQ 3-Finger Adaptive Gripper[reflex:distal_pad_3],11,0.0500951468356,-0.0161649324182,0.169508227465,0.0309896749871,-0.983184239045,-0.161238342181,-14.9222644542,-49.8184121264,0.920459129435,-0.000559145708803,0.0474891460801,0.00643255117375
3.51,floor,hammer,2,0.212209854101,-0.0108540455466,-2.15865680373e-05,0.0,0.0,-0.997928723693,1.21687031,-1.21951708562,2.54987806501,9.74484927763e-07,-1.79698420082e-07,7.40824336487e-06
3.51,hammer,RobotiQ 3-Finger Adaptive Gripper[reflex:distal_pad_1],2,0.0308707246612,0.00586785458954,0.189464489584,-0.245261947161,0.924186142891,-0.286861320046,4.86122873471,22.9720841944,3.9135934584,-0.00127586235731,0.00540099143349,-0.0014291187012
3.51,hammer,RobotiQ 3-Finger Adaptive Gripper[reflex:distal_pad_2],8,0.0744669204952,0.00924416154258,0.162939637089,0.0481990108447,0.981003832571,0.0828402741866,9.95352790012,24.9877448888,-9.78082232472,0.00115911735644,0.0178981116643,0.00272842246264
3.51,hammer,RobotiQ 3-Finger Adaptive Gripper[reflex:distal_pad_3],11,0.0499197066798,-0.0161180425476,0.170250853118,0.0236981743324,-0.982787448078,-0.161027133759,-13.6453777716,-49.3249090368,-0.824586922547,0.00017504659794,0.0384578963162,0.0060629510601
3.52,floor,hammer,2,0.211454091303,-0.0106154527451,-2.32916798834e-05,0.0,0.0,-0.997928723693,1.0648047407,-1.0671668605,4.58029459994,1.23643756791e-06,-8.58838011585e-07,-4.55096698508e-06
3.52,hammer,RobotiQ 3-Finger Adaptive Gripper[reflex:distal_pad_1],2,0.0305242301969,0.00569938212846,0.190114885522,-0.251362555157,0.915310758958,-0.309780704056,4.32871178131,22.4891380279,3.18287005054,-0.00283178033058,0.0100080689603,-0.0027010472469
3.52,hammer,RobotiQ 3-Finger Adaptive Gripper[reflex:distal_pad_2],8,0.0743787952755,0.00927531456499,0.163749666487,0.0698959443527,0.984476339836,0.0640530887288,9.46388938304,26.1676100934,-7.13595082722,0.00118207334384,0.0157848785943,0.00209512371409
3.52,hammer,RobotiQ 3-Finger Adaptive Gripper[reflex:distal_pad_3],11,0.0498183695365,-0.016140765255,0.171554721104,0.0450721048689,-0.985316521371,-0.148231756103,-12.4741530009,-49.578807733,-0.466648269401,-0.00182672009355,0.0522806351643,0.00604145909079
3.53,floor,hammer,2,0.21068911083,-0.0103717941569,-2.37890105566e-05,0.0,0.0,-0.997928723693,0.794356452222,-0.796154759796,3.2346753016,8.37392831727e-07,-6.39619393175e-07,-4.35723109484e-06
3.53,hammer,RobotiQ 3-Finger Adaptive Gripper[reflex:distal_pad_1],2,0.0312108667927,0.00576664480149,0.190452859526,-0.291848348002,0.908304609773,-0.297191021863,3.26519397296,22.4777188601,3.82424371773,-0.00191595192582,0.0065076345614,-0.00191868845931
3.53,hammer,RobotiQ 3-Finger Adaptive Gripper[reflex:distal_pad_2],7,0.0739956031324,0.00933454242989,0.164406598485,0.0679254836372,0.985409080256,0.0356987409895,7.31748204008,25.9919260999,-7.53355211499,0.000988409710033,0.01735101062,0.0022617675809
3.53,hammer,RobotiQ 3-Finger Adaptive Gripper[reflex:distal_pad_3],12,0.049761686835,-0.0160291478281,0.171869672225,0.0298075018891,-0.979874343643,-0.175190564557,-9.77990137756,-48.849457049,-2.37527575537,-0.0010854178538,0.0508048487368,0.00806932303903
3.54,floor,hammer,2,0.209908152828,-0.0101267784275,-2.57312023198e-05,0.0,0.0,-0.997928723693,1.23388787901,-1.23660806422,4.8128579241,1.31084752577e-06,-8.92225805336e-07,-4.34210833244e-06
3.54,hammer,RobotiQ 3-Finger Adaptive Gripper[reflex:distal_pad_1],2,0.0312225766512,0.00575994358028,0.191261765993,-0.301679240465,0.904277137441,-0.29953166297,2.96715207166,22.6101152277,3.83927084592,-0.00128993620908,0.00435418842347,-0.0013338966406
3.54,hammer,RobotiQ 3-Finger Adaptive Gripper[reflex:distal_pad_2],8,0.0741970669506,0.00937052373505,0.165130996555,0.0799647316956,0.98332697797,0.0526494713136,9.45045412065,25.7873426505,-8.29817601685,0.000759503857259,0.0114935693671,0.00150244826596
3.54,hammer,RobotiQ 3-Finger Adaptive Gripper[reflex:distal_pad_3],11,0.0501032371292,-0.0159483478729,0.172535908994,0.0133304712578,-0.982560447079,-0.169720971643,-11.1396314152,-49.4919473044,0.217593338111,-0.00181151268941,0.0543992046093,0.00827768321891
3.55,floor,hammer,2,0.209122284825,-0.00988612112639,-2.63619376276e-05,0.0,0.0,-0.997928723693,1.22790683827,-1.23058203333,2.81775950298,9.68847673872e-07,-3.12452197742e-07,4.67431775239e-06
3.55,hammer,RobotiQ 3-Finger Adaptive Gripper[reflex:distal_pad_1],2,0.0312629296893,0.00579782485867,0.192171582378,-0.302899888108,0.903781887057,-0.299220246903,2.94280185086,22.5117726795,3.85671510833,-0.00118707150072,0.0040403938109,-0.00123029539924
3.55,hammer,RobotiQ 3-Finger Adaptive Gripper[reflex:distal_pad_2],8,0.0743546959154,0.00940953227149,0.165708981975,0.0524437914677,0.982145372671,0.0770765702398,9.94326144596,24.9975524165,-10.1388507362,0.00122870713345,0.0164244433362,0.0018796385005
3.55,hammer,RobotiQ 3-Finger Adaptive Gripper[reflex:distal_pad_3],11,0.0500620732726,-0.0158468883542,0.173103325796,0.00943042256259,-0.982484052344,-0.174715122242,-11.9701934594,-49.1705686824,-0.239625155843,0.000130081897833,0.0471532945903,0.00770872513075
3.56,floor,hammer,2,0.208329314591,-0.00963988341847,-2.82765437189e-05,0.0,0.0,-0.997928723693,2.00652047236,-2.01082189251,4.82635237756,1.54111071055e-06,-6.62042214851e-07,3.80704864149e-06
3.56,hammer,RobotiQ 3-Finger Adaptive Gripper[reflex:distal_pad_1],3,0.0310404209923,0.00557290474704,0.192583522921,-0.318705395522,0.889963636749,-0.318418192892,3.07047280799,22.6462135784,4.01761717439,-0.0016863900428,0.00641392100894,-0.00198049959149
3.56,hammer,RobotiQ 3-Finger Adaptive Gripper[reflex:distal_pad_2],8,0.074450031957,0.00944365987271,0.166394541853,0.0662559749008,0.977762038491,0.112542260814,9.79232715127,25.1196506562,-9.99317546385,0.00113590613974,0.0147618945754,0.00230698544066
3.56,hammer,RobotiQ 3-Finger Adaptive Gripper[reflex:distal_pad_3],11,0.0499875209139,-0.0158309612448,0.173990520112,0.0211748074312,-0.981783481037,-0.165117145747,-11.4809534377,-49.5535721354,1.81437050867,-0.000203878400915,0.0366653881166,0.00585976645671
3.57,floor,hammer,2,0.207536877015,-0.00939788139181,-2.88223751479e-05,0.0,0.0,-0.997928723693,1.15181201065,-1.15430721926,2.98734389539,9.67043717853e-07,-3.96997993376e-07,2.88637162816e-06
3.57,hammer,RobotiQ 3-Finger Adaptive Gripper[reflex:distal_pad_1],2,0.0312193061941,0.00574194707594,0.193722409671,-0.300258748127,0.906915982789,-0.291222749784,3.15637960234,22.6331065259,4.17623317864,-0.000691627964594,0.00273498069791,-0.000875098343601
3.57,hammer,RobotiQ 3-Finger Adaptive Gripper[reflex:distal_pad_2],8,0.0744227506406,0.00946755169796,0.167153415069,0.0618741280598,0.98454566017,0.0627149031876,9.98740724553,25.3178604548,-9.66319880343,0.000819510015841,0.0101048780599,0.00180117672301
3.57,hammer,RobotiQ 3-Finger Adaptive Gripper[reflex:distal_pad_3],11,0.0502347861767,-0.0157255473203,0.174503818004,0.0113389865441,-0.983168379916,-0.168114689681,-12.221498214,-48.8940255582,-0.826888274301,-0.000413138438648,0.0401500715179,0.00618981612385
3.58,floor,hammer,2,0.206741670092,-0.00915724046756,-3.06516091126e-05,0.0,0.0,-0.997928723693,1.66121790098,-1.66477722559,4.94743690826,1.47536704743e-06,-7.92634180065e-07,1.91738346928e-07
3.58,hammer,RobotiQ 3-Finger Adaptive Gripper[reflex:distal_pad_1],3,0.0312083539467,0.00587248405453,0.194959458929,-0.295005249838,0.911881492883,-0.282068554441,3.20084134478,22.8056407166,4.27698649172,0.000731605255834,-0.00219948472093,0.000500860034427
3.58,hammer,RobotiQ 3-Finger Adaptive Gripper[reflex:distal_pad_2],7,0.0743230825065,0.00954066216442,0.167639760028,0.0665845896883,0.977596800085,0.104307445996,10.2931053673,25.2510728694,-9.74840895541,0.00123374565259,0.0125486236298,0.00234818559581
3.58,hammer,RobotiQ 3-Finger Adaptive Gripper[reflex:distal_pad_3],12,0.0503192613361,-0.0156549375595,0.175112551117,-0.0125883995452,-0.982274036216,-0.172530066096,-12.087331026,-49.3842922395,1.40902799793,-0.000408540959519,0.0419397689433,0.00715263737678
3.59,floor,hammer,2,0.205946395771,-0.0089194727186,-3.11202718764e-05,0.0,0.0,-0.997928723693,1.13654897824,-1.13898526235,3.12976922356,9.74891007238e-07,-4.59267480341e-07,1.70856055903e-06
3.59,hammer,RobotiQ 3-Finger Adaptive Gripper[reflex:distal_pad_1],2,0.0311727315032,0.00580591969644,0.195649883013,-0.298823359023,0.909446150496,-0.284502479982,3.13121300953,22.631879133,4.24405087095,-0.000658551250802,0.00277289047863,-0.000893247774085
3.59,hammer,RobotiQ 3-Finger Adaptive Gripper[reflex:distal_pad_2],7,0.0742417069521,0.00954005603039,0.168494174206,0.0632280334615,0.982229187544,0.0668856487348,10.5683416406,24.9182546821,-10.6172227149,0.00114851542966,0.0115698708419,0.00203658973598
3.59,hammer,RobotiQ 3-Finger Adaptive Gripper[reflex:distal_pad_3],12,0.0499631175171,-0.0156528022501,0.17608605919,-0.00389229760882,-0.980701038013,-0.182391801477,-12.5549016082,-49.0102125508,0.213036243631,0.000515300369443,0.0483247119346,0.00871229811827
3.6,floor,hammer,3,0.205902744246,-0.00908018696072,-2.0605667845e-05,0.0,0.0,-0.998619149129,0.575067902082,-0.575067902082,5.12491101339,0.0,0.0,0.0
3.6,hammer,RobotiQ 3-Finger Adaptive Gripper[reflex:distal_pad_1],3,0.0314240749857,0.00572882431468,0.196024130687,-0.30274675559,0.907096835892,-0.287738117758,3.22464039922,22.528595456,4.32348084074,-0.00247505120242,0.0119332239057,-0.00385569629761
3.6,hammer,RobotiQ 3-Finger Adaptive Gripper[reflex:distal_pad_2],7,0.0738194896111,0.00958214522919,0.169131236712,0.0548665851036,0.98879677185,-0.0130255850987,11.0829515837,26.0641151689,-7.72223840738,0.0005376880175,0.00928921973989,0.00117734263661
3.6,hammer,RobotiQ 3-Finger Adaptive Gripper[reflex:distal_pad_3],11,0.0498547449873,-0.0156550800683,0.177095536234,-0.00168246805684,-0.980044384245,-0.177965424958,-13.7828452075,-48.9480085812,-0.436784093567,0.000443293162188,0.0416669466134,0.00820315168788
3.61,floor,hammer,3,0.205107125641,-0.00884138337042,-1.44317600654e-05,0.0,0.0,-0.9988313814,0.922621956834,-0.922621956834,2.96509516083,0.0,0.0,0.0
3.61,hammer,RobotiQ 3-Finger Adaptive Gripper[reflex:distal_pad_1],2,0.0315491683878,0.00585442889524,0.197092592944,-0.294189340976,0.913589790117,-0.273732193741,3.47454596789,22.8295291628,4.68923238471,-0.000434090432656,0.00240207804028,-0.000824183644904
3.61,hammer,RobotiQ 3-Finger Adaptive Gripper[reflex:distal_pad_2],8,0.0738979116685,0.00961604566742,0.169698433959,0.0491224306248,0.986321974662,0.0329400568697,11.2370688333,25.0120212462,-10.429123154,0.000442097939209,0.0134791323445,0.00216406165652
3.61,hammer,RobotiQ 3-Finger Adaptive Gripper[reflex:distal_pad_3],11,0.0496760458116,-0.0155993264357,0.177793361155,0.0121890960234,-0.980074606088,-0.176993664123,-13.7723763579,-48.8175752245,-0.540982014675,0.00109302935637,0.0354783231377,0.00727266543138
3.62,floor,hammer,3,0.204309475167,-0.00859180291241,-1.0494897443e-05,0.0,0.0,-0.9988313814,1.11761436863,-1.11761436863,4.80804546515,0.0,0.0,0.0
3.62,hammer,RobotiQ 3-Finger Adaptive Gripper[reflex:distal_pad_1],2,0.0319012738989,0.00587981155716,0.197660270217,-0.292325466242,0.915622019031,-0.268748839391,3.59505433592,22.827824123,4.86663958487,-0.000153705350493,0.00133708049165,-0.00052709400491
3.62,hammer,RobotiQ 3-Finger Adaptive Gripper[reflex:distal_pad_2],7,0.0735733705429,0.00968041800416,0.170352327707,0.0778224764447,0.983174034671,0.0482569966654,11.2610349765,25.8022732079,-8.62329176569,0.000829057665733,0.00905428093084,0.00248861006881
3.62,hammer,RobotiQ 3-Finger Adaptive Gripper[reflex:distal_pad_3],12,0.0499959198506,-0.0154957910529,0.178282573952,0.00409314908564,-0.980263961886,-0.177029506985,-13.7482036162,-49.1486239186,-0.367605372933,-0.000585769926326,0.0318144461036,0.00665183457563
3.63,floor,hammer,3,0.204229523004,-0.00878404806779,-6.14814667145e-06,0.0,0.0,-0.997450530529,1.15482679826,-1.15922327029,2.3068722085,2.62846165427e-07,4.24935393561e-07,1.24906484037e-05
3.63,hammer,RobotiQ 3-Finger Adaptive Gripper[reflex:distal_pad_1],2,0.0319162621956,0.00585068732181,0.198362235115,-0.293946819354,0.915053681193,-0.268944834651,3.57358529876,22.8435995862,4.90959392046,-0.000108169071647,0.000856241328531,-0.00033047550859
3.63,hammer,RobotiQ 3-Finger Adaptive Gripper[reflex:distal_pad_2],8,0.0740450785713,0.00967048051702,0.171110137497,0.062099436302,0.985558345782,0.0553481662109,10.888618728,24.9189534008,-11.1135702077,0.000596197111623,0.00781970713561,0.00143653841442
3.63,hammer,RobotiQ 3-Finger Adaptive Gripper[reflex:distal_pad_3],12,0.0499407641473,-0.0155176021136,0.179485663251,0.0421378812421,-0.984196220928,-0.156470958088,-13.316983267,-49.1971472297,-0.753487717889,-0.0011687178681,0.0543802165509,0.00726980124904
3.64,floor,hammer,2,0.204125517266,-0.00903949366393,-9.18935157343e-06,0.0,0.0,-0.997928723693,1.72511581463,-1.72896462009,4.23782862977,1.29286603033e-06,-6.91768786196e-07,4.40745420629e-06
3.64,hammer,RobotiQ 3-Finger Adaptive Gripper[reflex:distal_pad_1],2,0.0319185586077,0.00589900965043,0.199306331953,-0.294255308254,0.915687261835,-0.266080032095,3.57812660556,22.907542463,4.96531386235,-0.000100020922241,0.000893946139193,-0.00035266630584
3.64,hammer,RobotiQ 3-Finger Adaptive Gripper[reflex:distal_pad_2],7,0.0738299427234,0.00972067124438,0.171654584525,0.0724016597816,0.980558410811,0.0647589457409,11.2383691023,24.9883602104,-10.9373236696,0.00126940279482,0.0169654246985,0.00294891942723
3.64,hammer,RobotiQ 3-Finger Adaptive Gripper[reflex:distal_pad_3],12,0.0499216141509,-0.0154432643012,0.180038972699,0.00562498251255,-0.980541466466,-0.165374568828,-13.5143968031,-49.5261634237,1.25751140743,-0.0036808947525,0.0513923677707,0.00547859719639
3.65,floor,hammer,2,0.203328317032,-0.00879473773569,-9.94688328717e-06,0.0,0.0,-0.997928723693,1.16889584065,-1.17158082438,2.47729117563,9.6553322816e-07,-1.77392338268e-07,1.01350580787e-05
3.65,hammer,RobotiQ 3-Finger Adaptive Gripper[reflex:distal_pad_1],2,0.0320182474424,0.00595231881805,0.200153063074,-0.292718348087,0.917038884103,-0.263095531979,3.61636808401,22.8625478751,5.04442355201,-0.000172972098232,0.0012473179233,-0.000454459464547
3.65,hammer,RobotiQ 3-Finger Adaptive Gripper[reflex:distal_pad_2],7,0.0738307493719,0.00975690614678,0.172286398135,0.0731811790971,0.980402473245,0.0657654842704,11.3384908497,25.1701650573,-10.5130472629,0.0016335368964,0.0168441034675,0.0026419444136
3.65,hammer,RobotiQ 3-Finger Adaptive Gripper[reflex:distal_pad_3],12,0.0498791606431,-0.0153309553398,0.180449619728,0.0164641317821,-0.980086057959,-0.175809312313,-13.8981727103,-48.5661001658,-1.24376028397,-0.000597723529469,0.0304421670045,0.00545447698464
3.66,floor,hammer,2,0.202523268048,-0.00854094880855,-1.19392151964e-05,0.0,0.0,-0.997928723693,1.33572441619,-1.33877115451,4.50906596528,1.08510720167e-06,-1.03535717474e-06,-5.32243617044e-06
3.66,hammer,RobotiQ 3-Finger Adaptive Gripper[reflex:distal_pad_1],2,0.0319547935854,0.00570193480745,0.200240474605,-0.320729045315,0.900559154685,-0.291152435944,2.41940756882,21.7995384339,3.94970973233,-0.000242661497022,0.000693817143964,-0.000190364562403
3.66,hammer,RobotiQ 3-Finger Adaptive Gripper[reflex:distal_pad_2],7,0.0737587722458,0.00980887876003,0.172798819337,0.0679845208425,0.980026014628,0.0624500027327,11.5012848061,26.2142517238,-7.81536353648,0.00154079861623,0.0261240177078,0.00375343405605
3.66,hammer,RobotiQ 3-Finger Adaptive Gripper[reflex:distal_pad_3],12,0.0501806290311,-0.0153004541979,0.181276104428,-0.00977038751394,-0.981760817532,-0.174557760167,-12.8097025732,-48.7973071119,-0.547682960606,0.000132994697881,0.0228193833987,0.00428138831054
3.67,floor,hammer,2,0.201709087593,-0.00827805679063,-1.25872135359e-05,0.0,0.0,-0.997928723693,1.22312077791,-1.22591236683,2.01267022479,1.1437238865e-06,2.26373154203e-07,2.05397558844e-05
3.67,hammer,RobotiQ 3-Finger Adaptive Gripper[reflex:distal_pad_1],3,0.0320075409784,0.00588265489739,0.201524258455,-0.312893332979,0.904434031829,-0.280594768961,3.71384524725,23.0554227318,5.27418314773,-3.24465009077e-05,0.000236844857959,-8.42774405369e-05
3.67,hammer,RobotiQ 3-Finger Adaptive Gripper[reflex:distal_pad_2],7,0.074172303371,0.0098259980103,0.173522853577,0.0599398985973,0.975107952151,0.108445457861,10.8565712144,24.835515412,-11.5118646254,0.00219237835209,0.0130308306406,0.00238963374982
3.67,hammer,RobotiQ 3-Finger Adaptive Gripper[reflex:distal_pad_3],11,0.0501255123703,-0.0152613829145,0.182000041396,0.0364563020157,-0.982285276469,-0.164826994991,-13.2045643625,-48.7517468026,-1.02575461579,-0.00030922187432,0.0440118302646,0.0066065671866
3.68,floor,hammer,2,0.200878141129,-0.00801702046747,-1.45462467016e-05,0.0,0.0,-0.997928723693,1.59524621277,-1.59883944778,4.16399109379,1.19488562737e-06,-7.56532097099e-07,1.88440412894e-06
3.68,hammer,RobotiQ 3-Finger Adaptive Gripper[reflex:distal_pad_1],2,0.0319697662043,0.00581965358784,0.202156750692,-0.321918899886,0.895703081059,-0.30559042969,2.10641441297,21.4142258933,3.25851159642,-0.00193317034135,0.0061943572574,-0.00215359916268
3.68,hammer,RobotiQ 3-Finger Adaptive Gripper[reflex:distal_pad_2],7,0.0739616411165,0.00983484154265,0.174302425711,0.0721430486961,0.979529341048,0.0876109668124,11.120057656,25.6273117523,-9.77335194692,0.000782381588511,0.0120309430174,0.00214526158898
3.68,hammer,RobotiQ 3-Finger Adaptive Gripper[reflex:distal_pad_3],12,0.0503954610697,-0.0151429530973,0.182438749106,0.0280780570742,-0.98118309682,-0.169248298634,-12.0671250556,-48.9042595772,1.53666758687,-0.000108343938431,0.054822713214,0.00738508596947
3.69,floor,hammer,2,0.200030986728,-0.00775688917916,-1.51131068113e-05,0.0,0.0,-0.997928723693,1.22602312786,-1.22886056104,2.21282828585,1.12971002858e-06,1.21690864586e-07,1.80029874353e-05
3.69,hammer,RobotiQ 3-Finger Adaptive Gripper[reflex:distal_pad_1],2,0.0319548675451,0.00581844451835,0.2029637632,-0.316621297678,0.898272724263,-0.303556240615,2.26841612465,21.3519443749,3.30568478628,-0.00155894410949,0.00496485634389,-0.00167287073153
3.69,hammer,RobotiQ 3-Finger Adaptive Gripper[reflex:distal_pad_2],8,0.0742500060034,0.00988402919475,0.174736268948,0.0509342735668,0.979876244673,0.146005518745,11.2277728973,25.7936788354,-9.44021907352,0.00102644963181,0.0097248843004,0.00184098195434
3.69,hammer,RobotiQ 3-Finger Adaptive Gripper[reflex:distal_pad_3],12,0.0506142757514,-0.0149920254051,0.182623158169,0.00540607201078,-0.981935008515,-0.169635000998,-12.8305611163,-48.1228921694,-0.979892110878,-0.000135286671523,0.0410225243873,0.00701624032154
3.7,floor,hammer,2,0.199165129352,-0.00750230016912,-1.70757730405e-05,0.0,0.0,-0.997928723693,1.66355297731,-1.66732712307,4.24061859458,1.22118462821e-06,-7.63038879199e-07,2.20283373905e-06
3.7,hammer,RobotiQ 3-Finger Adaptive Gripper[reflex:distal_pad_1],2,0.0319384247098,0.00594879929759,0.204217854385,-0.317086673034,0.903553868543,-0.286238849566,2.26708176627,21.929546075,3.83692277185,-0.000966761964116,0.0032651117679,-0.00103131576076
3.7,hammer,RobotiQ 3-Finger Adaptive Gripper[reflex:distal_pad_2],8,0.0741797847177,0.00993594447964,0.175352657262,0.0546239413511,0.979586208657,0.140562846176,11.1649001061,25.3576039942,-10.663122638,0.00123193842414,0.0144961180528,0.00239425151078
3.7,hammer,RobotiQ 3-Finger Adaptive Gripper[reflex:distal_pad_3],12,0.0506477044551,-0.0149847392513,0.183738253814,-0.00681451234583,-0.982986129603,-0.17080425412,-12.1164334456,-48.937019303,1.92878075338,-0.000598982854584,0.0462010611144,0.00662153480613
3.71,floor,hammer,2,0.198287497639,-0.00724635753589,-1.7630036757e-05,0.0,0.0,-0.997928723693,1.20150119578,-1.20430091754,2.22448546334,1.104512574e-06,9.22436530619e-08,1.67403606354e-05
3.71,hammer,RobotiQ 3-Finger Adaptive Gripper[reflex:distal_pad_1],2,0.0318760410642,0.00572786867264,0.20434843995,-0.319475869435,0.893744442924,-0.313557409573,2.27250524903,20.9626807822,2.93242164104,1.86761189481e-05,0.000235389651191,-0.000180179616612
3.71,hammer,RobotiQ 3-Finger Adaptive Gripper[reflex:distal_pad_2],8,0.0740702683417,0.00995698771663,0.176044580494,0.0609554781417,0.982642820414,0.142004940455,11.3238424906,25.7496524967,-9.77829266125,0.000878118573166,0.0111105324552,0.00147587783751
3.71,hammer,RobotiQ 3-Finger Adaptive Gripper[reflex:distal_pad_3],12,0.0503107901265,-0.0149154720394,0.184377616876,0.000423104217323,-0.98126598939,-0.171939975432,-12.6046620516,-48.0662708799,-0.293654446497,0.000747653576594,0.0480119025444,0.00687512795659
3.72,floor,hammer,2,0.197392437934,-0.00699307125574,-1.95869504356e-05,0.0,0.0,-0.997928723693,1.39741314053,-1.40066426561,4.92571034788,1.04640783338e-06,-1.26953494276e-06,-9.44717555768e-06
3.72,hammer,RobotiQ 3-Finger Adaptive Gripper[reflex:distal_pad_1],2,0.0319209620674,0.00569734540043,0.205074125625,-0.32555673625,0.892624572502,-0.310194528548,2.38250195411,21.210394428,3.22339827493,7.28919820098e-05,-0.000136851812306,1.91194755588e-05
3.72,hammer,RobotiQ 3-Finger Adaptive Gripper[reflex:distal_pad_2],8,0.0741391443466,0.0100379142536,0.1766316971,0.0546405360236,0.980465063087,0.129923014976,10.9640133977,26.4868152636,-7.99950425376,0.00174608926068,0.0157232288354,0.00302016715579
3.72,hammer,RobotiQ 3-Finger Adaptive Gripper[reflex:distal_pad_3],12,0.0503453903009,-0.0148814202144,0.185337823992,0.0126839256871,-0.982289490998,-0.167752137499,-12.1473376292,-48.543559031,0.746099073208,-0.00117541395296,0.0415321731388,0.00669195421677
3.73,floor,hammer,2,0.196488043285,-0.00674816803946,-2.01205161302e-05,0.0,0.0,-0.997928723693,1.32561075261,-1.32871354127,2.50233177914,1.216528456e-06,7.82364260263e-08,1.75689944429e-05
3.73,hammer,RobotiQ 3-Finger Adaptive Gripper[reflex:distal_pad_1],2,0.0319387948821,0.00571394162545,0.205911477345,-0.328089257699,0.894273746669,-0.30314077296,2.10742978791,21.228622479,3.31269183369,-0.000292839046715,0.00117927430199,-0.000485326539777
3.73,hammer,RobotiQ 3-Finger Adaptive Gripper[reflex:distal_pad_2],8,0.0739360808591,0.0100831205521,0.177293673319,0.0629245961632,0.978931399982,0.157431442726,11.5481601819,25.765343453,-10.0344465118,0.00087247323636,0.0083708752493,0.00126256690002
3.73,hammer,RobotiQ 3-Finger Adaptive Gripper[reflex:distal_pad_3],12,0.0503754053453,-0.0147593144334,0.185786398674,0.011747131782,-0.982130129992,-0.169060240531,-12.4715187557,-48.0595061229,-0.0371079343757,-0.000624000473243,0.0408217704554,0.00655514162841
3.74,floor,hammer,2,0.195575038443,-0.00651139064869,-2.19980746134e-05,0.0,0.0,-0.997928723693,1.59840204525,-1.6020941044,4.95150706257,1.13055263134e-06,-1.19389864699e-06,-6.54369679923e-06
3.74,hammer,RobotiQ 3-Finger Adaptive Gripper[reflex:distal_pad_1],3,0.031935616965,0.00549755262853,0.206169170612,-0.341170979066,0.886619184865,-0.309970963782,2.03235344476,21.346921687,3.24142962788,-0.00135248692142,0.00477136228578,-0.00177681003805
3.74,hammer,RobotiQ 3-Finger Adaptive Gripper[reflex:distal_pad_2],8,0.0741965845016,0.0101137894995,0.177980312918,0.0407527256313,0.985090923549,0.130963825244,11.2763604314,25.5474481491,-10.8438116745,0.00065894867263,0.0054570244456,0.00174452138438
3.74,hammer,RobotiQ 3-Finger Adaptive Gripper[reflex:distal_pad_3],11,0.050292118357,-0.0146535985845,0.18629356691,0.00676117138904,-0.981120175621,-0.171412014712,-11.7331139534,-48.769035336,3.47851509276,-0.00245547484634,0.0323433565319,0.00539789460266
3.75,floor,hammer,2,0.194660707793,-0.00627661729541,-2.23741350021e-05,0.0,0.0,-0.997928723693,1.68436135505,-1.68822404655,2.90008273015,1.53458907134e-06,2.07863864573e-07,2.34703677238e-05
3.75,hammer,RobotiQ 3-Finger Adaptive Gripper[reflex:distal_pad_1],3,0.0319396867056,0.00558392419023,0.20722118865,-0.340441735861,0.890582297136,-0.296648529526,2.25269755507,21.9924634297,4.31644436237,-9.34507690981e-06,-1.01877548483e-05,1.33688783169e-05
3.75,hammer,RobotiQ 3-Finger Adaptive Gripper[reflex:distal_pad_2],8,0.0739897835773,0.0102150274853,0.178425563148,0.0565299798387,0.976958805875,0.168021688203,12.0257330296,24.5310643953,-13.4115767649,0.000812255883404,0.00926104527584,0.0014655700771
3.75,hammer,RobotiQ 3-Finger Adaptive Gripper[reflex:distal_pad_3],11,0.0506729310526,-0.0145646961852,0.187030600067,-0.00821742581161,-0.982209136581,-0.169179777916,-12.4985980587,-48.5532368406,2.86535886361,0.000389971272233,0.0149396794334,0.00305072805841
3.76,floor,hammer,2,0.193738820298,-0.00604271372929,-2.41758875208e-05,0.0,0.0,-0.997928723693,1.42930658596,-1.43265782333,4.89726303485,9.92783957644e-07,-1.30698879793e-06,-9.88660200165e-06
3.76,hammer,RobotiQ 3-Finger Adaptive Gripper[reflex:distal_pad_1],3,0.0318572731678,0.00541630634221,0.207604655921,-0.347016748875,0.879131155428,-0.32253634528,2.07686990846,20.9984119817,2.89621859297,-0.000627339535488,0.00206605847706,-0.000790266811778
3.76,hammer,RobotiQ 3-Finger Adaptive Gripper[reflex:distal_pad_2],7,0.0739457817682,0.0102317152571,0.179202996824,0.0597866398183,0.983224117354,0.141296188091,12.1026981966,25.8169430221,-10.3368842726,0.000356178399516,0.00716543497899,0.0020674560222
3.76,hammer,RobotiQ 3-Finger Adaptive Gripper[reflex:distal_pad_3],11,0.0502517361563,-0.0145384126671,0.188135058981,0.0113093779577,-0.979764196732,-0.179897467887,-12.5031705551,-48.6584423089,3.31748599559,-0.00244471205918,0.0391209641496,0.00593633423905
3.77,floor,hammer,2,0.192809007878,-0.00581149526029,-2.44744148207e-05,0.0,0.0,-0.997928723693,1.24906694696,-1.25204320925,2.68475052475,1.06456592768e-06,-1.59182297236e-07,1.06971628076e-05
3.77,hammer,RobotiQ 3-Finger Adaptive Gripper[reflex:distal_pad_1],3,0.0319607792242,0.00563182362859,0.208926863594,-0.340226181444,0.892005830318,-0.291964370312,2.33431695128,22.0966625566,4.4586468898,-9.58273120449e-05,0.000332921173819,-9.930121842e-05
3.77,hammer,RobotiQ 3-Finger Adaptive Gripper[reflex:distal_pad_2],7,0.0738104796226,0.010323219663,0.179752205024,0.0826445929644,0.975504213766,0.147923025413,12.5477705449,24.6325353196,-13.4782082865,0.000309391678634,0.00384443322979,0.00123110866825
3.77,hammer,RobotiQ 3-Finger Adaptive Gripper[reflex:distal_pad_3],12,0.0502154559633,-0.014458744997,0.188860733661,0.0170197621894,-0.981617581361,-0.171748636874,-13.5613008266,-48.4750780504,2.47383386073,-0.00150132239448,0.0190408344588,0.00251312195534
3.78,floor,hammer,2,0.191866772688,-0.00557472414441,-2.62156215776e-05,0.0,0.0,-0.997928723693,1.54643282414,-1.5500479385,4.64479237237,1.06593677146e-06,-1.1073981981e-06,-5.18247140089e-06
3.78,hammer,RobotiQ 3-Finger Adaptive Gripper[reflex:distal_pad_1],3,0.0319205308917,0.00564319437988,0.209785231322,-0.353000514637,0.882209810315,-0.308203782404,1.63216210744,21.2948052714,3.46948445102,0.000144016987233,-0.000144892877514,-3.94900207763e-05
3.78,hammer,RobotiQ 3-Finger Adaptive Gripper[reflex:distal_pad_2],8,0.0737564824189,0.0103769104655,0.180322712591,0.0825150490159,0.974361823966,0.169515720174,12.6767673353,25.9462378174,-10.171331831,0.00159720443189,0.0139728413032,0.00252250470326
3.78,hammer,RobotiQ 3-Finger Adaptive Gripper[reflex:distal_pad_3],11,0.0503781379326,-0.0143517778409,0.189391950888,0.0018376467122,-0.980307397139,-0.175054764246,-12.9206757519,-48.1385597598,2.27490759705,-0.00236316715534,0.0327006911321,0.00448777697526
3.79,floor,hammer,2,0.190921257699,-0.00533495029836,-2.63762576127e-05,0.0,0.0,-0.997928723693,1.44971404431,-1.45310314822,1.99814714835,1.93736419594e-06,1.0588838387e-06,4.10170451486e-05
3.79,hammer,RobotiQ 3-Finger Adaptive Gripper[reflex:distal_pad_1],3,0.0319317996272,0.0060464654871,0.211686541234,-0.319764933656,0.901025463405,-0.287625889744,2.36339498998,22.0578353504,4.30232048658,0.000129399987636,-0.00018185000137,2.3322439475e-05
3.79,hammer,RobotiQ 3-Finger Adaptive Gripper[reflex:distal_pad_2],7,0.0736773282032,0.0104253055603,0.180983822181,0.0782169966981,0.978116232375,0.156468544016,12.7112288534,24.5811388938,-13.8183324581,0.000342016799654,0.00370239114777,8.49701002129e-05
3.79,hammer,RobotiQ 3-Finger Adaptive Gripper[reflex:distal_pad_3],11,0.0506651043412,-0.0142349448835,0.189819753706,-0.0101527735426,-0.982227307514,-0.171724476684,-13.8224935593,-48.0153468465,2.15713171138,3.25638329705e-05,0.0283604343562,0.00526290319409
3.8,floor,hammer,2,0.189976837396,-0.00508719193873,-2.77909746978e-05,0.0,0.0,-0.997928723693,1.85128563115,-1.85553340727,4.27043744307,1.40596284761e-06,-5.80752314196e-07,7.69646549565e-06
3.8,hammer,RobotiQ 3-Finger Adaptive Gripper[reflex:distal_pad_1],3,0.031907250676,0.00563847603097,0.211401372877,-0.350363109913,0.884057466527,-0.305661103666,1.99218679728,21.2279006433,3.28377294139,-0.00110695264608,0.00373220663592,-0.00133074006401
3.8,hammer,RobotiQ 3-Finger Adaptive Gripper[reflex:distal_pad_2],8,0.0735947763029,0.0104836632041,0.181566528996,0.0430975453366,0.977012547934,0.160151838561,13.0486989418,25.5175679147,-11.476355894,0.000605170859279,0.0114173261282,0.00245449140555
3.8,hammer,RobotiQ 3-Finger Adaptive Gripper[reflex:distal_pad_3],11,0.0506328137683,-0.0142148429134,0.190839920506,-0.0104135725003,-0.982300133143,-0.17177617065,-13.5226029418,-48.4973640538,3.4610934688,-0.000608108704142,0.0277728981831,0.00325093453893
3.81,floor,hammer,2,0.189038186229,-0.00484616303352,-2.76143738123e-05,0.0,0.0,-0.997928723693,1.2033521422,-1.20627119357,2.74751254224,9.93772641506e-07,-2.54011092925e-07,7.86295474701e-06
3.81,hammer,RobotiQ 3-Finger Adaptive Gripper[reflex:distal_pad_1],2,0.0319027013509,0.0056972542501,0.212326785216,-0.347050649463,0.885702172933,-0.306341125719,1.57598838396,20.970046703,3.02952588338,-0.00115129129266,0.00372932483708,-0.00144021593473
3.81,hammer,RobotiQ 3-Finger Adaptive Gripper[reflex:distal_pad_2],8,0.0737461874782,0.0104956861155,0.182330985877,0.0843352606184,0.977514933563,0.158143060664,13.0367407305,25.284458667,-12.5082178184,0.000713458502083,0.0087795126408,0.00113849238556
3.81,hammer,RobotiQ 3-Finger Adaptive Gripper[reflex:distal_pad_3],11,0.0506049156996,-0.0140967357848,0.191294590438,-0.0167127682394,-0.980498215121,-0.183507832872,-13.3183193908,-48.0982673559,2.99681897769,-0.000260137312763,0.0275882106823,0.00420134798078
3.82,floor,hammer,2,0.188082858972,-0.00460682738733,-2.89293585031e-05,0.0,0.0,-0.997928723693,1.86526794929,-1.86958281964,4.51790497437,1.35646116781e-06,-7.46105646354e-07,4.42875531914e-06
3.82,hammer,RobotiQ 3-Finger Adaptive Gripper[reflex:distal_pad_1],2,0.0319130221353,0.00585051784211,0.213513054795,-0.337930876037,0.89043801913,-0.302501791931,1.75370342568,21.1648114525,3.14882167966,-0.0018970225861,0.00633373080545,-0.00232110072416
3.82,hammer,RobotiQ 3-Finger Adaptive Gripper[reflex:distal_pad_2],7,0.0738140519173,0.0105669948586,0.18285243514,0.0810347996372,0.972289194363,0.179852696808,12.6739633698,25.1882110405,-12.7160178984,0.000391226845095,0.00413196420083,0.00049635895495
3.82,hammer,RobotiQ 3-Finger Adaptive Gripper[reflex:distal_pad_3],12,0.0507773226043,-0.0140464446217,0.192166423196,-0.0189586897924,-0.981117992747,-0.178344285934,-12.7781026601,-48.5473004842,5.07004945192,-0.00168555610812,0.0188044487426,0.00198406512289
3.83,floor,hammer,2,0.18712377844,-0.00437376708475,-2.80646548416e-05,0.0,0.0,-0.997928723693,1.28703245498,-1.29016504163,2.55118396448,1.30076021913e-06,1.62221578577e-07,1.75091669335e-05
3.83,hammer,RobotiQ 3-Finger Adaptive Gripper[reflex:distal_pad_1],2,0.0319272906484,0.00570745059292,0.213852104109,-0.344747572819,0.890352240848,-0.295313586008,1.80206236792,21.2750858894,3.45321643582,-0.000218593608605,0.000837514513088,-0.000334412126324
3.83,hammer,RobotiQ 3-Finger Adaptive Gripper[reflex:distal_pad_2],8,0.0737093018892,0.0106292431014,0.183492539425,0.0560457169954,0.975784789728,0.163784903366,12.888036484,24.754039736,-14.1067545562,0.000723430778774,0.00478679916353,0.000544572365869
3.83,hammer,RobotiQ 3-Finger Adaptive Gripper[reflex:distal_pad_3],11,0.0505967343039,-0.013971895175,0.192957427553,-0.00476210618435,-0.980492473669,-0.182668873752,-13.0155347972,-48.1033509787,3.97899461019,0.00053537476956,0.038338446461,0.00668597587061
3.84,floor,hammer,3,0.186252448511,-0.00401160012812,-1.95110540134e-05,0.0,0.0,-0.998619149129,1.7328986459,-1.735920998,4.53293634933,-2.97932006158e-07,-1.97885374427e-07,6.87078197076e-06
3.84,hammer,RobotiQ 3-Finger Adaptive Gripper[reflex:distal_pad_1],2,0.0319092401847,0.00559942159261,0.214359062171,-0.371024383301,0.878569741647,-0.298986296815,1.07467422274,20.9909512693,3.27289787964,-0.000417528366393,0.00136581134331,-0.000545761345193
3.84,hammer,RobotiQ 3-Finger Adaptive Gripper[reflex:distal_pad_2],8,0.0739193682458,0.0106506287686,0.184260382669,0.092280213563,0.97104354758,0.180782825566,13.1175827397,25.1685195989,-13.1689994002,0.00132618031973,0.0140003878972,0.00182987330661
3.84,hammer,RobotiQ 3-Finger Adaptive Gripper[reflex:distal_pad_3],12,0.0508026685935,-0.0138266415068,0.19334697386,-0.0274114100845,-0.981061907425,-0.181268984695,-12.5687302056,-48.3895122314,5.37179601829,-0.0016165143076,0.0226309338647,0.00261140562872
3.85,floor,hammer,3,0.185849033975,-0.00441535265615,-1.81700578892e-05,0.0,0.0,-0.998619149129,1.67711577391,-1.67711577391,2.16687529751,0.0,0.0,0.0
3.85,hammer,RobotiQ 3-Finger Adaptive Gripper[reflex:distal_pad_1],2,0.0319070471567,0.00582497397346,0.215771284917,-0.354366825732,0.888573599919,-0.288072733065,1.81024823005,21.4056717419,3.75358137113,-1.8613241187e-05,6.86034804585e-05,-2.61114596214e-05
3.85,hammer,RobotiQ 3-Finger Adaptive Gripper[reflex:distal_pad_2],8,0.0736495994172,0.0107364170081,0.184738356252,0.0777611059826,0.97772100336,0.155670831697,13.2156944164,24.6186391248,-14.6713617413,0.000954393019228,0.0148203595795,0.00156431613813
3.85,hammer,RobotiQ 3-Finger Adaptive Gripper[reflex:distal_pad_3],12,0.0508012282657,-0.0137748964964,0.194228183728,-0.0148655678911,-0.98161221057,-0.175602474522,-12.9990221724,-47.9613360103,3.79670240653,-0.00175602334095,0.0418119157359,0.00530972132135
3.86,floor,hammer,3,0.184847851077,-0.0041674335399,-1.21956463636e-05,0.0,0.0,-0.998619149129,1.81513107826,-1.81513107826,4.35188566444,0.0,0.0,0.0
3.86,hammer,RobotiQ 3-Finger Adaptive Gripper[reflex:distal_pad_1],2,0.0319052320137,0.00584582948147,0.216617404956,-0.354087074976,0.891666810856,-0.278312243214,1.72356744978,21.5365923571,4.04103307849,0.0,0.0,0.0
3.86,hammer,RobotiQ 3-Finger Adaptive Gripper[reflex:distal_pad_2],8,0.0737829459303,0.0107614007658,0.185551745247,0.089932236348,0.970532772038,0.182129214187,13.2503511301,24.7687018554,-14.3341527152,0.00177822833263,0.0157197694531,0.00225214156705
3.86,hammer,RobotiQ 3-Finger Adaptive Gripper[reflex:distal_pad_3],12,0.0507227104882,-0.0136502692761,0.194678444708,-0.0254564631177,-0.978614743722,-0.189478466238,-13.242552185,-48.3816518113,5.70435516365,-0.000476317348273,0.0227010656383,0.00393123500253
3.87,floor,hammer,2,0.18423804693,-0.00411795961578,-7.75770655023e-06,0.0,0.0,-0.997928723693,1.54915829776,-1.54915829776,2.01435118384,0.0,0.0,0.0
3.87,hammer,RobotiQ 3-Finger Adaptive Gripper[reflex:distal_pad_1],2,0.0319118106145,0.00582610488627,0.217394302858,-0.35872771104,0.890251655373,-0.277601498652,1.51385794836,21.3025951882,3.87895734633,-0.000277286481585,0.000994692759072,-0.000361758190792
3.87,hammer,RobotiQ 3-Finger Adaptive Gripper[reflex:distal_pad_2],8,0.0737612421335,0.0108119422024,0.186035700853,0.0994689728041,0.973098014203,0.169901102789,13.5448677154,24.7372539938,-14.3669656745,0.00174373499205,0.0167709474484,0.00207577949524
3.87,hammer,RobotiQ 3-Finger Adaptive Gripper[reflex:distal_pad_3],11,0.0511083796729,-0.0135604657837,0.195323690424,-0.0265894177717,-0.980881451104,-0.178593566335,-13.1045023564,-47.7551002758,3.4317725461,-0.000870413923498,0.0444153791792,0.00644665352188
3.88,floor,hammer,1,0.184191187452,-0.00470882685484,-9.12143341729e-06,0.0,0.0,-0.995857447386,1.7028227603,-1.70990613643,4.18080359658,0.0,0.0,0.0
3.88,hammer,RobotiQ 3-Finger Adaptive Gripper[reflex:distal_pad_1],1,0.0318920915321,0.00571129185214,0.217928207935,-0.378972520904,0.881201015262,-0.282603253874,0.434655454377,20.6837584795,3.38783181047,0.0,0.0,0.0
3.88,hammer,RobotiQ 3-Finger Adaptive Gripper[reflex:distal_pad_2],8,0.0735128534428,0.0109044912788,0.186589890734,0.0755206866734,0.977417418036,0.166224049594,13.9643631225,25.1665989193,-13.5712944545,0.000777673442595,0.00886425856811,0.00127660685626
3.88,hammer,RobotiQ 3-Finger Adaptive Gripper[reflex:distal_pad_3],12,0.0508339952571,-0.0134727190164,0.195935148373,-0.0272892466212,-0.979581849643,-0.182713932384,-12.8020362828,-48.0264933747,5.39133849163,0.000517018954327,0.0284696454638,0.00534684641741
3.89,floor,hammer,1,0.183165951102,-0.00444890092593,-8.48682415172e-06,0.0,0.0,-0.995857447386,1.21706562739,-1.22212835842,1.31446380435,0.0,0.0,0.0
3.89,hammer,RobotiQ 3-Finger Adaptive Gripper[reflex:distal_pad_1],1,0.0318879379832,0.00577305956636,0.218944705188,-0.373126491156,0.885131088422,-0.278063981679,0.56373383866,20.5205990782,3.42876423759,0.0,0.0,0.0
3.89,hammer,RobotiQ 3-Finger Adaptive Gripper[reflex:distal_pad_2],8,0.0735813537883,0.0109058357814,0.187343278265,0.0733829398956,0.978290370224,0.159220825641,13.9736286076,24.7881122782,-14.6394697245,0.00132789552157,0.014335373138,0.00237535941414
3.89,hammer,RobotiQ 3-Finger Adaptive Gripper[reflex:distal_pad_3],12,0.0507553101338,-0.0134303806389,0.196891134431,-0.0231134167205,-0.979516349771,-0.186956931117,-13.0322423994,-47.5911748559,3.21796368614,-0.000127112485096,0.024656574276,0.00301367463289
3.9,floor,hammer,1,0.182128881654,-0.00418107890675,-1.17560513537e-05,0.0,0.0,-0.995857447386,1.8248846839,-1.83247581136,4.00720117218,0.0,0.0,0.0
3.9,hammer,RobotiQ 3-Finger Adaptive Gripper[reflex:distal_pad_1],2,0.031865202016,0.00583673214594,0.219976116917,-0.362720368226,0.89225007469,-0.266222110601,1.44179995138,21.2945078091,3.94760625243,0.0,0.0,0.0
3.9,hammer,RobotiQ 3-Finger Adaptive Gripper[reflex:distal_pad_2],8,0.0736298255432,0.0109532042652,0.187970185732,0.0610885500764,0.979348687788,0.143453699864,14.1697406317,24.6492390646,-15.2397317108,0.00083964878265,0.016824591051,0.00247852104855
3.9,hammer,RobotiQ 3-Finger Adaptive Gripper[reflex:distal_pad_3],12,0.051200395245,-0.013300042015,0.197146422373,-0.0493984417129,-0.978323375165,-0.185649341102,-14.031230835,-47.9719452502,6.33111263551,0.000542968611624,0.024394322347,0.00463433464465
3.91,floor,hammer,1,0.181086413954,-0.00392064449066,-9.76541615412e-06,0.0,0.0,-0.995857447386,1.45012494547,-1.45615715309,2.03689932757,0.0,0.0,0.0
3.91,hammer,RobotiQ 3-Finger Adaptive Gripper[reflex:distal_pad_1],2,0.0318783205202,0.00587947302941,0.220937855945,-0.362371294205,0.893330626583,-0.262975999459,1.4920031626,21.0087474737,3.99519061736,-6.39929044993e-07,3.06146662805e-06,-1.29677452446e-06
3.91,hammer,RobotiQ 3-Finger Adaptive Gripper[reflex:distal_pad_2],8,0.0737036218394,0.0109946200495,0.18855349031,0.0996527952186,0.969449706926,0.184700357787,13.6669551941,24.6273258289,-15.1640591551,0.00181132222138,0.0142986840423,0.00447442793168
3.91,hammer,RobotiQ 3-Finger Adaptive Gripper[reflex:distal_pad_3],12,0.0508880408219,-0.0132577870558,0.198025121924,-0.0418966483328,-0.978284962373,-0.190741142843,-13.8807395677,-47.5889687957,4.19604251441,0.00193798482874,0.0193143926039,0.00406181292547
3.92,floor,hammer,1,0.180026602974,-0.00363968892386,-1.28804860206e-05,0.0,0.0,-0.995857447386,1.68785453672,-1.69487564827,4.0087519961,0.0,0.0,0.0
3.92,hammer,RobotiQ 3-Finger Adaptive Gripper[reflex:distal_pad_1],1,0.0318431656516,0.00589992574535,0.221910366538,-0.376404578701,0.886492490379,-0.269166598287,0.451088488415,20.6098786608,3.54205682168,0.0,0.0,0.0
3.92,hammer,RobotiQ 3-Finger Adaptive Gripper[reflex:distal_pad_2],8,0.0732853134889,0.0110561062724,0.189198865468,0.0859843279563,0.975655039335,0.155876700883,13.5180892857,25.2808382767,-13.5089441403,0.00203589424702,0.0197829570276,0.00287783772044
3.92,hammer,RobotiQ 3-Finger Adaptive Gripper[reflex:distal_pad_3],12,0.0507736346393,-0.013250652545,0.199125781102,-0.0194927184485,-0.979918756694,-0.18569746322,-12.1556391789,-47.7385243199,5.04479193016,-4.77642303804e-05,0.0379327767028,0.00612089823655
3.93,floor,hammer,1,0.178942504477,-0.00333293956601,-1.0999542306e-05,0.0,0.0,-0.995857447386,1.25973139318,-1.2649716046,1.33450504589,0.0,0.0,0.0
3.93,hammer,RobotiQ 3-Finger Adaptive Gripper[reflex:distal_pad_1],1,0.0318615387518,0.00586307221075,0.222665373464,-0.380774174535,0.877302417877,-0.292149782806,0.332538341342,20.015103688,3.08317184987,0.0,0.0,0.0
3.93,hammer,RobotiQ 3-Finger Adaptive Gripper[reflex:distal_pad_2],8,0.0733255148979,0.0111041524098,0.189789133879,0.0711340114456,0.975652221706,0.170119458067,14.5595444875,25.339379394,-13.6653656485,0.00142941370767,0.0146219860014,0.00213115923818
3.93,hammer,RobotiQ 3-Finger Adaptive Gripper[reflex:distal_pad_3],12,0.0509092259223,-0.013117963656,0.199465870568,-0.033208280574,-0.978055545185,-0.189394796168,-14.1830133734,-46.6299787354,2.59651630028,0.00131169679622,0.0379706858065,0.00718587380982
3.94,floor,hammer,1,0.177828454173,-0.00301358824606,-1.44479912863e-05,0.0,0.0,-0.995857447386,1.15109857423,-1.15588689652,3.91430370333,0.0,0.0,0.0
3.94,hammer,RobotiQ 3-Finger Adaptive Gripper[reflex:distal_pad_1],1,0.0317959056915,0.00577838282443,0.223428261465,-0.421058138278,0.857444978385,-0.295800867533,-0.484890931384,19.6320612696,3.08025792072,0.0,0.0,0.0
3.94,hammer,RobotiQ 3-Finger Adaptive Gripper[reflex:distal_pad_2],8,0.0731511752549,0.0111805401931,0.190381878793,0.0992770523738,0.972893789812,0.146225437502,15.3176871526,26.5153008909,-10.3502978901,0.000834874550333,0.00662075984135,0.0022985850567
3.94,hammer,RobotiQ 3-Finger Adaptive Gripper[reflex:distal_pad_3],12,0.0510918059192,-0.0130304339732,0.200179992778,-0.040287992297,-0.979032458464,-0.185529275952,-14.3700562512,-46.5773054009,2.02079924275,0.00184914944904,0.0497953728306,0.0089898534173
3.95,floor,hammer,1,0.17667531402,-0.002690553003,-1.45044689371e-05,0.0,0.0,-0.995857447386,0.660899566712,-0.663648766645,2.22224456635,0.0,0.0,0.0
3.95,hammer,RobotiQ 3-Finger Adaptive Gripper[reflex:distal_pad_1],1,0.0317613985868,0.00526564561267,0.223146453805,-0.454721764442,0.829938477734,-0.32315668045,-1.16098011272,18.7745416977,2.64380709806,0.0,0.0,0.0
3.95,hammer,RobotiQ 3-Finger Adaptive Gripper[reflex:distal_pad_2],8,0.0729869008619,0.0112569343118,0.190944587985,0.0988749031617,0.971916632652,0.170321717368,14.6786865893,26.3482883873,-11.1759460289,0.000163333957796,0.00316195948165,0.00173799740585
3.95,hammer,RobotiQ 3-Finger Adaptive Gripper[reflex:distal_pad_3],12,0.0509714502856,-0.0129810006974,0.201169697918,-0.0186832762753,-0.981172442914,-0.183315827923,-12.6315074119,-46.4734288007,1.4979669686,-0.000243864459106,0.0334126141677,0.00505271959029
3.96,floor,hammer,1,0.175477676741,-0.00235464761352,-1.85094671883e-05,0.0,0.0,-0.995857447386,1.71253581616,-1.71965959652,4.67461433791,0.0,0.0,0.0
3.96,hammer,RobotiQ 3-Finger Adaptive Gripper[reflex:distal_pad_1],1,0.031678389972,0.0051002459416,0.223778021789,-0.455912964215,0.830798526929,-0.319244697235,-1.3435531009,18.8807128497,2.54819979624,0.0,0.0,0.0
3.96,hammer,RobotiQ 3-Finger Adaptive Gripper[reflex:distal_pad_2],8,0.0733043162627,0.0112609965648,0.191743609111,0.0788426103432,0.975554733702,0.16281918813,14.28377884,25.9234025677,-12.5560924872,0.00198735838023,0.0141515161658,0.00277029093357
3.96,hammer,RobotiQ 3-Finger Adaptive Gripper[reflex:distal_pad_3],12,0.0509662870713,-0.0128962116873,0.201822815147,-0.0463542541275,-0.977230276842,-0.194361932016,-11.4016945488,-47.1228458812,5.61894957266,0.0013700113547,0.0418870228348,0.00750638715722
3.97,floor,hammer,1,0.174251531127,-0.00200461909174,-1.95634467809e-05,0.0,0.0,-0.995857447386,1.2816367639,-1.28696809696,2.71486055733,0.0,0.0,0.0
3.97,hammer,RobotiQ 3-Finger Adaptive Gripper[reflex:distal_pad_1],2,0.0316941766513,0.00501006486078,0.224490665439,-0.467758166384,0.820798953915,-0.325757746111,-1.07947028856,18.9147274737,2.79209239947,-0.000364936134258,0.000699766576667,-0.000261748609576
3.97,hammer,RobotiQ 3-Finger Adaptive Gripper[reflex:distal_pad_2],8,0.0730646143934,0.0113352552366,0.192407093312,0.111844024762,0.971521880505,0.172072996909,14.5367705217,26.2689767521,-11.7052839061,0.00192639870359,0.0119808725023,0.000732198311468
3.97,hammer,RobotiQ 3-Finger Adaptive Gripper[reflex:distal_pad_3],11,0.0508392834874,-0.0128551483029,0.202896991346,-0.0218819430009,-0.980195149676,-0.186872811183,-12.3118090535,-46.5690713063,2.60037671999,0.000962810365005,0.0242098182382,0.00437764946697
3.98,floor,hammer,1,0.172995638135,-0.00164682670109,-2.40494194118e-05,0.0,0.0,-0.995857447386,1.44050362639,-1.4464958114,4.86526941271,0.0,0.0,0.0
3.98,hammer,RobotiQ 3-Finger Adaptive Gripper[reflex:distal_pad_1],2,0.0316717102705,0.00505677382699,0.225601889464,-0.467891348374,0.82194350371,-0.321095288927,-0.982381315968,19.1454404897,2.90858458366,0.0,0.0,0.0
3.98,hammer,RobotiQ 3-Finger Adaptive Gripper[reflex:distal_pad_2],8,0.0731125635492,0.0114086436526,0.19304966013,0.0784951780145,0.97678184716,0.159089384562,14.3041076011,26.0535290951,-12.6120763712,0.00201020597307,0.0155839904019,0.0023701617242
3.98,hammer,RobotiQ 3-Finger Adaptive Gripper[reflex:distal_pad_3],11,0.0508778749423,-0.0127949615773,0.20383143387,-0.0200608821702,-0.980604210445,-0.18428079793,-11.8277125466,-47.0513917745,5.50051358778,0.00126071699074,0.0340098088731,0.00613392887054
3.99,floor,hammer,2,0.171602135653,-0.00138638130948,-1.2680551011e-05,0.0,0.0,-0.997928723693,0.88094941333,-0.883590628222,2.16473672297,7.23222154571e-07,-6.97923985256e-08,6.21347801489e-06
3.99,hammer,RobotiQ 3-Finger Adaptive Gripper[reflex:distal_pad_1],2,0.0316622634693,0.00504914066703,0.226541164249,-0.456118169886,0.824887054085,-0.3291780878,-0.277247462309,18.6076529156,2.68016493355,0.0,0.0,0.0
3.99,hammer,RobotiQ 3-Finger Adaptive Gripper[reflex:distal_pad_2],8,0.0733088402823,0.0114128397769,0.193914710944,0.104943067806,0.975588340907,0.143534873151,14.5791338013,27.0867869222,-9.90568215921,0.001779124977,0.0106794201396,0.00179387941205
3.99,hammer,RobotiQ 3-Finger Adaptive Gripper[reflex:distal_pad_3],11,0.0511591076722,-0.0126302886201,0.204227908509,-0.0381850230627,-0.978975430512,-0.183078284931,-13.9236360786,-45.2614300579,0.0518746508162,0.00270596026259,0.0502384019795,0.00967399760271
4.0,floor,hammer,2,0.170309480876,-0.00101223990722,-1.48182100849e-05,0.0,0.0,-0.997928723693,1.50986865385,-1.5138466989,4.46947487536,3.46439012155e-07,-1.65027248749e-06,-1.14319232163e-05
4.0,hammer,RobotiQ 3-Finger Adaptive Gripper[reflex:distal_pad_1],2,0.0316448517571,0.00495241399913,0.227301933029,-0.484763349134,0.810003420709,-0.326453515931,-1.30744476695,18.4829678804,2.75138553351,0.0,0.0,0.0
4.0,hammer,RobotiQ 3-Finger Adaptive Gripper[reflex:distal_pad_2],8,0.0731151846944,0.0115324439401,0.194379349278,0.081503290825,0.97651732598,0.160551399466,14.6951382534,26.8402690935,-10.6410438707,0.00220546223638,0.019174632057,0.00231686013242
4.0,hammer,RobotiQ 3-Finger Adaptive Gripper[reflex:distal_pad_3],12,0.0514187229562,-0.0124755813182,0.204611077394,-0.0401866009287,-0.978597599336,-0.184463977368,-12.3860343588,-45.7296359821,3.18889749363,0.00114176868771,0.0512661137571,0.00848481999973
4.01,floor,hammer,3,0.169133425457,-0.000530902437971,-9.95925905268e-06,0.0,0.0,-0.998619149129,1.43437281138,-1.43698137763,1.79287129888,2.70612755661e-06,3.60060798355e-06,0.000146428264636
4.01,hammer,RobotiQ 3-Finger Adaptive Gripper[reflex:distal_pad_1],2,0.0316058389245,0.00507604142675,0.228581950405,-0.467509257914,0.826955451323,-0.305720838458,-0.665927986111,18.8107348324,3.25606400886,0.0,0.0,0.0
4.01,hammer,RobotiQ 3-Finger Adaptive Gripper[reflex:distal_pad_2],8,0.0730647929936,0.0115921889012,0.19505606671,0.114700610292,0.970786115867,0.16984422219,14.4115833265,26.1938645458,-12.6021312939,0.00215536184655,0.0143171182264,0.00216747736187
4.01,hammer,RobotiQ 3-Finger Adaptive Gripper[reflex:distal_pad_3],11,0.0510287064747,-0.0124797606601,0.206029142402,-0.0195432379204,-0.981239637835,-0.181077021019,-12.8166577418,-45.6085483504,1.74068536356,0.00133263009304,0.046303872857,0.00796549965962
4.02,floor,hammer,3,0.16783138003,-0.000154882953224,-1.12564876449e-05,0.0,0.0,-0.998619149129,1.96439215206,-1.96773070679,4.4740523677,5.81598866409e-08,9.6503737035e-07,3.37725120908e-05
4.02,hammer,RobotiQ 3-Finger Adaptive Gripper[reflex:distal_pad_1],2,0.0316355654109,0.00513297308788,0.229614665826,-0.746917428595,0.399126442702,-0.162900586097,-2.03611761222,17.641998352,2.37955135421,0.0,0.0,0.0
4.02,hammer,RobotiQ 3-Finger Adaptive Gripper[reflex:distal_pad_2],8,0.0731209950328,0.0116445862163,0.195716720127,0.125665633738,0.971014915875,0.167669292043,14.8546973491,27.2185933464,-10.1150578595,0.0019839109164,0.0113531065388,0.00193547356791
4.02,hammer,RobotiQ 3-Finger Adaptive Gripper[reflex:distal_pad_3],11,0.0513352756094,-0.0123356007254,0.20640346528,-0.0229662933438,-0.980458012498,-0.179311716127,-11.3428392532,-45.5690729965,3.09844452785,0.00162152766065,0.0538023297084,0.00730810052605
4.03,floor,hammer,3,0.16652464928,0.000218691850016,-1.11545862528e-05,0.0,0.0,-0.998619149129,1.08726714856,-1.08939501656,1.70190514328,7.14830538608e-07,1.56066501899e-06,5.31120633739e-05
4.03,hammer,RobotiQ 3-Finger Adaptive Gripper[reflex:distal_pad_1],2,0.0316390867122,0.00518681661634,0.230737021648,-0.455095284507,0.840281928384,-0.285021329819,-0.24311338566,18.9111941133,3.63829302881,0.0,0.0,0.0
4.03,hammer,RobotiQ 3-Finger Adaptive Gripper[reflex:distal_pad_2],8,0.0730162922439,0.0117011890716,0.196450808145,0.126295093383,0.971724222365,0.146709114296,15.092334861,26.1008763672,-13.1551464123,0.000975890524817,0.00450335527583,0.000341934285798
4.03,hammer,RobotiQ 3-Finger Adaptive Gripper[reflex:distal_pad_3],12,0.051288414057,-0.0121990653761,0.206930557546,-0.052463227094,-0.977123572113,-0.194137032941,-14.1613551937,-45.2196176947,1.92017086472,0.00188600637634,0.0414535293593,0.00741652801604
4.04,floor,hammer,3,0.165207870635,0.000597869181005,-1.23816718835e-05,0.0,0.0,-0.998619149129,0.801685565946,-0.803365275612,4.427810471,-2.63761737287e-06,-1.67406224392e-06,-8.66398248533e-05
4.04,hammer,RobotiQ 3-Finger Adaptive Gripper[reflex:distal_pad_1],2,0.0314645004281,0.00496428680854,0.231324979288,-0.389331391978,0.829632686304,-0.378409728315,2.23625324751,16.8775550471,0.667710350425,0.0,0.0,0.0
4.04,hammer,RobotiQ 3-Finger Adaptive Gripper[reflex:distal_pad_2],8,0.0729914065285,0.0117952124117,0.196969427994,0.109986615508,0.972111353702,0.168516599962,14.5889455067,28.3971740627,-7.49319561337,0.0017913414362,0.0128024537729,0.00214929210485
4.04,hammer,RobotiQ 3-Finger Adaptive Gripper[reflex:distal_pad_3],12,0.0513992667673,-0.0120323183475,0.207192739797,-0.0522105735722,-0.976032643426,-0.193932173984,-15.9259097605,-44.7192643265,2.05488726574,0.00185892497215,0.0504904475428,0.0091047633699
4.05,floor,hammer,3,0.163871474825,0.000986767024975,-1.22096891852e-05,0.0,0.0,-0.998619149129,0.363504773448,-0.36423762422,2.04136729237,-4.53421083077e-07,5.36924457057e-07,-3.92532043492e-07
4.05,hammer,RobotiQ 3-Finger Adaptive Gripper[reflex:distal_pad_1],2,0.0314581172526,0.00481801002452,0.23194658432,-0.401539565187,0.817512377814,-0.387770916546,2.23995858715,16.55620717,0.667421170866,0.0,0.0,0.0
4.05,hammer,RobotiQ 3-Finger Adaptive Gripper[reflex:distal_pad_2],8,0.0729225373425,0.0118762505525,0.1975622509,0.126091846334,0.969484596425,0.168611746478,14.9912611525,28.1252233105,-8.23273087422,0.000747850461617,0.00718237685704,0.00101381468071
4.05,hammer,RobotiQ 3-Finger Adaptive Gripper[reflex:distal_pad_3],12,0.0514402841463,-0.0119467748943,0.20806665809,-0.0503886938437,-0.975044424448,-0.199150566334,-16.9693037907,-44.1048674032,0.277915370508,0.00449443255183,0.0558907192918,0.0113832469221
4.06,floor,hammer,3,0.162497920704,0.00138000034753,-1.35154359146e-05,0.0,0.0,-0.998619149129,1.59734316663,-1.60017079262,4.26680332854,-7.28268050174e-07,3.75907267851e-07,-2.66923317928e-06
4.06,hammer,RobotiQ 3-Finger Adaptive Gripper[reflex:distal_pad_1],2,0.0315584103394,0.00473366232587,0.232628572815,-0.514275197442,0.790817878889,-0.327149261979,-1.94088814103,17.6472922718,2.59714547819,-2.25266461577e-18,0.0,-1.68345211125e-18
4.06,hammer,RobotiQ 3-Finger Adaptive Gripper[reflex:distal_pad_2],8,0.0730577940292,0.0119040085879,0.19833658312,0.105062274653,0.974702166478,0.166465032141,14.8187306877,26.936845372,-11.5819688622,0.00186363627223,0.00905113062446,0.00165297399243
4.06,hammer,RobotiQ 3-Finger Adaptive Gripper[reflex:distal_pad_3],12,0.051351993402,-0.0119276141053,0.209264735184,-0.0499194975333,-0.976998769433,-0.194771313309,-11.8201161255,-45.437405198,4.00330896336,0.00227022210015,0.0475928411187,0.00898930236032
4.07,floor,hammer,2,0.161230992327,0.00187955218237,-1.98191085067e-05,0.0,0.0,-0.997928723693,1.3419603619,-1.34466231387,1.54503948058,-1.10408860422e-06,-3.32390142433e-07,1.49960047726e-05
4.07,hammer,RobotiQ 3-Finger Adaptive Gripper[reflex:distal_pad_1],2,0.0315347721319,0.00455867829749,0.233172763623,-0.490376483063,0.799196263818,-0.339035809973,-0.698244592619,17.1353628558,2.26597053586,1.96541614221e-18,0.0,6.05630643395e-19
4.07,hammer,RobotiQ 3-Finger Adaptive Gripper[reflex:distal_pad_2],7,0.0730569116349,0.01197069529,0.198851036065,0.150271682771,0.966684089884,0.179710940915,14.5526711048,26.7882680511,-12.0738281569,0.002664744207,0.0134740402406,0.00155500708276
4.07,hammer,RobotiQ 3-Finger Adaptive Gripper[reflex:distal_pad_3],12,0.0512129967351,-0.0118230213655,0.210056170629,-0.0339007531585,-0.978745564618,-0.188566177119,-13.1111811946,-44.4907516278,2.0325089321,0.00296047220325,0.0490028862641,0.0087737834992
4.08,floor,hammer,2,0.160537467297,0.00115038941302,-1.34111229108e-05,0.0,0.0,-0.997928723693,1.29408014778,-1.29408014778,4.65836295701,0.0,0.0,0.0
4.08,hammer,RobotiQ 3-Finger Adaptive Gripper[reflex:distal_pad_1],1,0.0315325322021,0.00434650823544,0.233608384784,-0.509842703156,0.78638985686,-0.348785623366,-2.34124656637,15.8853119968,1.69010002621,0.0,0.0,0.0
4.08,hammer,RobotiQ 3-Finger Adaptive Gripper[reflex:distal_pad_2],7,0.0729065360476,0.0120235869141,0.199713771564,0.117563344649,0.979189535456,0.140955126506,15.1226802306,27.6360399213,-10.4131634289,0.00101965952825,0.00985835760025,0.00146807482217
4.08,hammer,RobotiQ 3-Finger Adaptive Gripper[reflex:distal_pad_3],13,0.051601893222,-0.0116688493554,0.210432464966,-0.0706186941109,-0.973995635394,-0.202893855416,-11.8271143658,-44.6199068688,4.13284406865,0.00428359108071,0.0561379903973,0.0107861302459
4.09,floor,hammer,2,0.159140721961,0.00150911175004,-6.4203784646e-06,0.0,0.0,-0.997928723693,1.04265253205,-1.04698974214,2.28933411205,0.0,0.0,0.0
4.09,hammer,RobotiQ 3-Finger Adaptive Gripper[reflex:distal_pad_1],1,0.0315272459799,0.00440422391757,0.234712262141,-0.544013870442,0.763853771708,-0.347241017471,-2.81378967398,15.5469566856,1.87987245983,0.0,0.0,0.0
4.09,hammer,RobotiQ 3-Finger Adaptive Gripper[reflex:distal_pad_2],8,0.072713274164,0.0121241378499,0.200289573565,0.126850668005,0.977519525197,0.141878311697,15.9059830095,28.0679778829,-9.35562444217,0.000285952854564,0.00468918184849,0.000865036734327
4.09,hammer,RobotiQ 3-Finger Adaptive Gripper[reflex:distal_pad_3],13,0.0516484970163,-0.0115183296543,0.210947447833,-0.0586939252591,-0.977089573018,-0.185969462803,-13.1153646745,-43.4967353375,0.447180738104,0.00122931947784,0.058194037938,0.00929582181548
4.1,floor,hammer,1,0.158537888209,0.000860089418584,-1.27626705658e-05,0.0,0.0,-0.995857447386,1.9116221219,-1.91957405843,4.49424593179,0.0,0.0,0.0
4.1,hammer,RobotiQ 3-Finger Adaptive Gripper[reflex:distal_pad_1],1,0.0315077937905,0.0044367008346,0.235800817973,-0.609467276075,0.715175249305,-0.3421607841,-4.32302618107,15.1773470453,1.74748252373,4.21256003562e-16,1.19988080057e-16,0.0
4.1,hammer,RobotiQ 3-Finger Adaptive Gripper[reflex:distal_pad_2],7,0.0725948564553,0.0122072410399,0.200932008787,0.122672465007,0.972953900477,0.161563399032,15.9601629624,27.9941583958,-9.92063340124,0.00137987016928,0.00771653890963,0.00129264944301
4.1,hammer,RobotiQ 3-Finger Adaptive Gripper[reflex:distal_pad_3],13,0.0514289148321,-0.0114903029667,0.212080701052,-0.0594928287106,-0.976202916982,-0.193387423583,-10.4893207769,-43.8837701219,3.42325107779,0.00250158937213,0.0678199010633,0.011843198516
4.11,floor,hammer,1,0.157108258961,0.00119940105625,-1.39034486659e-05,0.0,0.0,-0.995857447386,1.1601870972,-1.16501322578,1.57331456289,0.0,0.0,0.0
4.11,hammer,RobotiQ 3-Finger Adaptive Gripper[reflex:distal_pad_1],1,0.0314676044357,0.00457566080952,0.237126282446,-0.560620938668,0.757991382458,-0.333396501551,-3.50628534728,16.3200030762,1.92607950664,0.0,0.0,0.0
4.11,hammer,RobotiQ 3-Finger Adaptive Gripper[reflex:distal_pad_2],7,0.0728168106631,0.0122786995726,0.201474308975,0.125546070823,0.97071660436,0.171295458791,15.3885618846,27.4177993074,-11.6663019334,0.00149776284489,0.00735017155554,0.00149869551697
4.11,hammer,RobotiQ 3-Finger Adaptive Gripper[reflex:distal_pad_3],13,0.0514700544884,-0.0113501679349,0.212761507835,-0.0651702355502,-0.975859751778,-0.19752483236,-10.6462263111,-43.4561812442,1.8579196267,0.00368320114842,0.0627067456169,0.0120225246685
4.12,floor,hammer,2,0.155784181817,0.0016250029425,-9.47527842773e-06,0.0,0.0,-0.997928723693,2.10256267593,-2.10651792447,5.04602005782,-1.23094689303e-06,1.18521420932e-06,5.8906622606e-06
4.12,hammer,RobotiQ 3-Finger Adaptive Gripper[reflex:distal_pad_1],1,0.0314075064555,0.00426481825865,0.237510945844,-0.684211215482,0.655221717918,-0.320217914829,-5.26094400638,13.3018091888,1.90605006578,3.69199370763e-16,1.46020529179e-16,0.0
4.12,hammer,RobotiQ 3-Finger Adaptive Gripper[reflex:distal_pad_2],7,0.0725967170635,0.0123918419633,0.201998914974,0.138481308698,0.969587760258,0.16975364014,15.9909134544,28.5954120593,-8.73635086591,0.0019131792055,0.0113695434727,0.00169715904957
4.12,hammer,RobotiQ 3-Finger Adaptive Gripper[reflex:distal_pad_3],13,0.0518280216658,-0.0111529318411,0.21295822193,-0.0663373942957,-0.975507615771,-0.191794359734,-10.5975061279,-43.0513484883,2.73847645774,0.00418728633177,0.0405327360887,0.00760881288351
4.13,floor,hammer,2,0.154311781607,0.00194046653087,-9.32450134886e-06,0.0,0.0,-0.997928723693,1.32983444443,-1.33212370552,1.32579603701,-2.98852771574e-06,-2.45745119616e-06,8.44136929314e-05
4.13,hammer,RobotiQ 3-Finger Adaptive Gripper[reflex:distal_pad_1],1,0.0313822922169,0.00397300677811,0.238041969484,-0.591675803118,0.726886869169,-0.348647706769,-3.86341987329,14.8581755726,1.61707759516,0.0,0.0,0.0
4.13,hammer,RobotiQ 3-Finger Adaptive Gripper[reflex:distal_pad_2],7,0.0726306312703,0.0124905192322,0.202507085515,0.117622419534,0.973069692164,0.156626705895,16.4368440211,27.4087762308,-11.9651098353,0.0030631486088,0.0146459377877,0.00206253720786
4.13,hammer,RobotiQ 3-Finger Adaptive Gripper[reflex:distal_pad_3],13,0.0517823081084,-0.0110118938097,0.213660294114,-0.076169668726,-0.973967849381,-0.199299685752,-12.0741907214,-42.6296693077,2.29056811097,0.00351527321223,0.054422969504,0.010344262161
4.14,floor,hammer,2,0.152811002338,0.00224190665211,-1.12023391088e-05,0.0,0.0,-0.997928723693,1.32217842258,-1.32440231374,4.75632906806,-5.03554785267e-07,1.73486884088e-06,-1.4506459848e-05
4.14,hammer,RobotiQ 3-Finger Adaptive Gripper[reflex:distal_pad_1],1,0.0313436438482,0.00378769071129,0.238651569221,-0.556049688069,0.746167573175,-0.366118419559,-3.04701774248,14.6670087469,1.44911404346,4.07719723368e-16,8.45717313536e-17,1.3214333024e-18
4.14,hammer,RobotiQ 3-Finger Adaptive Gripper[reflex:distal_pad_2],8,0.0726442145365,0.0125522028289,0.203139841574,0.124347951299,0.97677832055,0.140713941759,17.028730743,28.4267610397,-9.3865441829,0.00132835128896,0.00904369917696,0.00196567887418
4.14,hammer,RobotiQ 3-Finger Adaptive Gripper[reflex:distal_pad_3],12,0.0514735456007,-0.0109531521915,0.214841727351,-0.0594433954286,-0.974039716629,-0.20038638921,-13.6626946167,-42.9746281983,3.55009376852,0.00402387840286,0.0345586470498,0.00682639969113
4.15,floor,hammer,2,0.151292622487,0.00251214781291,-1.02113653651e-05,0.0,0.0,-0.997928723693,0.977072105271,-0.978512390611,1.29738636987,-1.82502728201e-06,-1.39082278601e-06,6.18741968072e-05
4.15,hammer,RobotiQ 3-Finger Adaptive Gripper[reflex:distal_pad_1],2,0.0313094839054,0.00372175503312,0.239635409747,-0.59565978119,0.725709025846,-0.340583762098,-3.3928448901,15.0111134847,1.88554554126,0.0,0.0,0.0
4.15,hammer,RobotiQ 3-Finger Adaptive Gripper[reflex:distal_pad_2],8,0.0726854195471,0.0125914527467,0.204004817372,0.131835858691,0.975795795951,0.152288787053,16.4215946215,26.7821219131,-14.6933329919,0.000365600706531,0.00146917751052,0.000594209557644
4.15,hammer,RobotiQ 3-Finger Adaptive Gripper[reflex:distal_pad_3],12,0.0516932428467,-0.0107909845241,0.215426390413,-0.0871209726589,-0.972922340426,-0.205253310856,-13.3192165859,-42.9461532494,4.67723119216,0.00323179291589,0.0413176389496,0.0078109566106
4.16,floor,hammer,2,0.149737676585,0.0027865921169,-1.18527786943e-05,0.0,0.0,-0.997928723693,1.80830689209,-1.81142828093,5.34236524052,-8.76583403161e-07,1.6266506116e-06,-6.74539055634e-06
4.16,hammer,RobotiQ 3-Finger Adaptive Gripper[reflex:distal_pad_1],1,0.0313137683018,0.00359051329331,0.240190827434,-0.70843862641,0.629521170873,-0.319089028382,-5.47061042658,12.3033352698,1.74154256094,3.40730878715e-16,1.51839941359e-16,-2.37249908373e-18
4.16,hammer,RobotiQ 3-Finger Adaptive Gripper[reflex:distal_pad_2],8,0.0726269959566,0.0126926482987,0.204562665284,0.157826116364,0.971810924995,0.149389742284,17.0692531401,29.3336419478,-7.89673470657,0.00177361375264,0.0117753636808,0.00114268589586
4.16,hammer,RobotiQ 3-Finger Adaptive Gripper[reflex:distal_pad_3],12,0.0516130687775,-0.010634191697,0.216091656825,-0.0704670261962,-0.974533755485,-0.201133036816,-10.9602838897,-42.6327224475,2.4835165946,0.00231854304866,0.0412142591744,0.00796265738712
4.17,floor,hammer,2,0.148156384899,0.00305742422341,-1.05676212699e-05,0.0,0.0,-0.997928723693,1.23901997627,-1.24090788719,1.19399759788,-2.67169441915e-06,-2.38002459516e-06,0.000127884833095
4.17,hammer,RobotiQ 3-Finger Adaptive Gripper[reflex:distal_pad_1],2,0.0312499824086,0.00349403001054,0.241139235813,-0.606054665016,0.706741831619,-0.364137162977,-4.17837710606,14.2020670751,1.23887618304,0.000883135581772,-0.000823551691843,0.000381316842171
4.17,hammer,RobotiQ 3-Finger Adaptive Gripper[reflex:distal_pad_2],8,0.0724799082917,0.0128191906053,0.205231100913,0.11823126596,0.973851915711,0.159130716986,17.4099357163,27.3069500214,-14.1007800565,0.00226732055964,0.0120268405976,0.00117472789932
4.17,hammer,RobotiQ 3-Finger Adaptive Gripper[reflex:distal_pad_3],11,0.0518557600576,-0.0104095556929,0.216332654437,-0.0710893680104,-0.97420656608,-0.200965451772,-13.0043996539,-42.5155340951,4.71685950986,0.00210692018863,0.0290417193521,0.00567681378085
4.18,floor,hammer,2,0.146544886333,0.00332777815739,-1.20990745009e-05,0.0,0.0,-0.997928723693,1.25040269461,-1.25224397073,3.94017960798,-5.02139081813e-07,1.26812643123e-06,-1.33793133247e-05
4.18,hammer,RobotiQ 3-Finger Adaptive Gripper[reflex:distal_pad_1],2,0.0312765976823,0.00349738616602,0.241888945545,-0.820670938993,0.340505102257,-0.18010625677,-4.51903154734,13.297075082,1.3645018256,0.0,0.0,0.0
4.18,hammer,RobotiQ 3-Finger Adaptive Gripper[reflex:distal_pad_2],8,0.0721976596052,0.0129755804025,0.205654197112,0.181708620963,0.964664680909,0.158862537844,18.5970157002,28.7363323591,-10.2429880684,0.000866114132046,0.00614214838905,0.000378856638996
4.18,hammer,RobotiQ 3-Finger Adaptive Gripper[reflex:distal_pad_3],12,0.0521523330431,-0.0102376945761,0.216858109461,-0.0877714482432,-0.973533274606,-0.197724514405,-13.9611775201,-41.7342155449,3.58103309084,0.00406630467691,0.0210940957291,0.00410604098395
4.19,floor,hammer,2,0.144898537237,0.00358688070238,-9.12503528246e-06,0.0,0.0,-0.997928723693,1.58102836696,-1.58348691774,0.785046302138,-3.47248654954e-06,-3.45810159131e-06,0.00027109193481
4.19,hammer,RobotiQ 3-Finger Adaptive Gripper[reflex:distal_pad_1],1,0.0312144794789,0.00334514241054,0.242759100319,-0.698095624583,0.627222292616,-0.345332730251,-5.29818430732,11.8562596648,1.25840245765,0.0,0.0,0.0
4.19,hammer,RobotiQ 3-Finger Adaptive Gripper[reflex:distal_pad_2],8,0.0723240884768,0.0130469387175,0.206347576763,0.137691000475,0.970330396565,0.163000376422,18.0456197459,28.2626658717,-12.3119090728,0.00240015804879,0.0106345447239,0.00173162662439
4.19,hammer,RobotiQ 3-Finger Adaptive Gripper[reflex:distal_pad_3],12,0.0519676982376,-0.0101111279923,0.21787617959,-0.10933747145,-0.969667405916,-0.208152797403,-12.5331257242,-41.0228677347,2.4825552692,0.00415855078656,0.0435158222715,0.0083586049042
4.2,floor,hammer,2,0.143205503498,0.00385381887777,-1.04844586377e-05,0.0,0.0,-0.997928723693,0.41184050275,-0.41184050275,3.94101246554,-8.76833807855e-08,1.63277743045e-06,-6.74483687365e-05
4.2,hammer,RobotiQ 3-Finger Adaptive Gripper[reflex:distal_pad_1],2,0.0310670779702,0.00325752067796,0.24379247487,-0.444596419109,0.724948476362,-0.462056091899,2.2787380693,12.7072924043,-1.04605634523,-3.52244560573e-16,6.68769237892e-17,4.50755220059e-17
4.2,hammer,RobotiQ 3-Finger Adaptive Gripper[reflex:distal_pad_2],7,0.0722932246452,0.0131845025302,0.206845110378,0.180103627478,0.964716271909,0.155708828032,18.7644199319,29.5091567471,-8.96585628047,0.00173464751413,0.00568386739151,0.00169800449906
4.2,hammer,RobotiQ 3-Finger Adaptive Gripper[reflex:distal_pad_3],12,0.0519438539584,-0.0100790400399,0.219275382843,-0.100537120796,-0.970151260773,-0.208628124001,-21.0055945091,-41.9132811647,4.79102588738,0.00262863064667,0.0159266319617,0.00329220754498
4.21,floor,hammer,2,0.141516118656,0.00409930993662,-1.39094971423e-05,0.0,0.0,-0.997928723693,1.7983773196,-1.80118182476,6.21624522301,-1.01630299405e-06,1.82918774499e-06,-2.43568118045e-05
4.21,hammer,RobotiQ 3-Finger Adaptive Gripper[reflex:distal_pad_1],2,0.0312207189842,0.00315480541447,0.244431258748,-0.66653582124,0.651808048767,-0.359081635823,-5.25301406575,14.483888446,1.34406700535,-5.82896146867e-19,0.0,-2.27813170487e-18
4.21,hammer,RobotiQ 3-Finger Adaptive Gripper[reflex:distal_pad_2],8,0.0724158879334,0.0132772233138,0.207447634686,0.159999542829,0.966731730207,0.165922835749,18.3004773122,27.7576052844,-14.2688928872,0.0013016078208,0.00623363058941,0.000635745372623
4.21,hammer,RobotiQ 3-Finger Adaptive Gripper[reflex:distal_pad_3],12,0.0520641313581,-0.00972085949437,0.219054696637,-0.105336223649,-0.968716313717,-0.211133646214,-12.2633056098,-42.981335091,9.95867089408,0.00256419388335,0.0312720009687,0.00629924298087
4.22,floor,hammer,2,0.1398888443,0.00430075104852,-1.87850618132e-05,0.0,0.0,-0.995857447386,1.87474244243,-1.88254096743,8.55210341772,5.27527092897e-08,5.25341785661e-08,-4.40788017183e-05
4.22,hammer,RobotiQ 3-Finger Adaptive Gripper[reflex:distal_pad_1],1,0.0312206137928,0.00289378337109,0.244766761094,-0.694214666488,0.614803884535,-0.374275540737,-5.46782054158,11.787321288,0.800389819887,0.0,2.77691002098e-18,-4.08954859145e-17
4.22,hammer,RobotiQ 3-Finger Adaptive Gripper[reflex:distal_pad_2],8,0.0724408047095,0.0133962949055,0.207942513175,0.178687168722,0.964970189318,0.154380938845,18.7056246467,29.882559731,-8.71686402661,0.00201210147367,0.0104781737903,0.00126309867056
4.22,hammer,RobotiQ 3-Finger Adaptive Gripper[reflex:distal_pad_3],12,0.0526235674169,-0.00946238260409,0.21903348837,-0.123646173944,-0.968812464335,-0.206741954235,-12.424308818,-41.9898836175,7.31567780845,0.00420995903534,0.0316939642971,0.00643154266711
4.23,floor,hammer,2,0.13836659777,0.0044451380038,-2.49752337393e-05,0.0,0.0,-0.997928723693,1.08722437237,-1.09040269977,9.83816956342,1.63245958727e-06,-2.96334445692e-06,-7.3380922817e-05
4.23,hammer,RobotiQ 3-Finger Adaptive Gripper[reflex:distal_pad_1],2,0.0311346021635,0.00305152418209,0.24598765858,-0.509893462527,0.644561263667,-0.452464411097,2.11961353879,12.3613843086,-1.54808077232,0.0,5.37098411692e-18,4.28871671114e-17
4.23,hammer,RobotiQ 3-Finger Adaptive Gripper[reflex:distal_pad_2],8,0.0724719090256,0.0135055685353,0.208445104142,0.160634600846,0.966300526081,0.157869729703,17.8016048069,29.9495050191,-8.89140468765,0.00270893961224,0.0114221752739,0.00351483527128
4.23,hammer,RobotiQ 3-Finger Adaptive Gripper[reflex:distal_pad_3],12,0.0522270690452,-0.0093847826292,0.220248174219,-0.122226393783,-0.967717367422,-0.210037474559,-19.5861303708,-43.319404731,11.1783966544,0.00159260158906,0.00942738472304,0.00191065012046
4.24,floor,hammer,2,0.13695717586,0.00453093328956,-3.22675086176e-05,0.0,0.0,-0.997928723693,1.65377605633,-1.65810517255,12.0954099849,1.83401094144e-06,-3.8360000797e-06,-6.52680003033e-05
4.24,hammer,RobotiQ 3-Finger Adaptive Gripper[reflex:distal_pad_1],1,0.0311313302152,0.00289659891223,0.246468086878,-0.482417728128,0.721138324057,-0.497224952274,-1.63506422155,11.7200262963,-0.159130316691,0.0,0.0,0.0
4.24,hammer,RobotiQ 3-Finger Adaptive Gripper[reflex:distal_pad_2],9,0.0724937401836,0.0135863654765,0.208944561833,0.164034275105,0.965503669789,0.160538084708,19.5539353256,30.3755809737,-7.96783248661,0.00242785645123,0.014069140678,0.00130556984446
4.24,hammer,RobotiQ 3-Finger Adaptive Gripper[reflex:distal_pad_3],12,0.0524535008924,-0.00918566179454,0.220511799105,-0.116619318385,-0.968058159501,-0.209711489823,-17.7231830117,-43.13002028,11.248717673,0.00323404732016,0.0154381526104,0.00336345908233
4.25,floor,hammer,2,0.13568693015,0.00454482392977,-4.0471185136e-05,0.0,0.0,-0.997928723693,2.41419449453,-0.301711921109,13.7169182256,6.28884880799e-06,-4.4263119896e-06,0.000217636038799
4.25,hammer,RobotiQ 3-Finger Adaptive Gripper[reflex:distal_pad_1],1,0.0311213742834,0.00275913867651,0.247037965078,-0.71962088187,0.582574750917,-0.377825946662,-6.20198272651,11.5915119884,0.5723904236,0.0,0.0,0.0
4.25,hammer,RobotiQ 3-Finger Adaptive Gripper[reflex:distal_pad_2],8,0.0721295102775,0.0137313855767,0.209435643939,0.162933674356,0.969255360503,0.148940340728,19.044135961,30.7958325338,-7.25230856492,0.00197421563112,0.00893153191424,0.00145664370371
4.25,hammer,RobotiQ 3-Finger Adaptive Gripper[reflex:distal_pad_3],12,0.0524092148872,-0.0090730457052,0.221248898558,-0.118110674469,-0.969413293841,-0.206357076249,-11.9593015472,-42.8225524217,11.2493775498,0.00303423819939,0.0288863773067,0.00584016130729
4.26,floor,hammer,3,0.134710029548,0.0046324529112,-3.27869125893e-05,0.0,0.0,-0.998619149129,1.94207966084,1.10381424974,13.8083160185,-1.23032256875e-05,1.63617626374e-06,0.000263840331686
4.26,hammer,RobotiQ 3-Finger Adaptive Gripper[reflex:distal_pad_1],2,0.0310709967843,0.00254445891438,0.247293396712,-0.489667065947,0.664354189478,-0.477657027003,1.70672375117,11.6990267413,-1.34505022821,-3.24713221348e-16,4.73711001305e-17,0.0
4.26,hammer,RobotiQ 3-Finger Adaptive Gripper[reflex:distal_pad_2],8,0.0720898610594,0.0138156420708,0.209830843373,0.19558870077,0.959913528419,0.172876638639,20.9934264713,31.6440800899,-5.0090634521,0.00342280228897,0.0139097699911,0.00207667603894
4.26,hammer,RobotiQ 3-Finger Adaptive Gripper[reflex:distal_pad_3],12,0.0524265616073,-0.00894648752031,0.221736801591,-0.123474345758,-0.968189277854,-0.207475536621,-21.9462724006,-42.5939485274,10.9933323401,0.00171056518502,0.0137115926312,0.00252422825392
4.27,floor,hammer,3,0.133753615551,0.00463259811267,-3.88905617025e-05,0.0,0.0,-0.998619149129,2.50715691888,0.854953131403,14.770920573,-2.15539953489e-05,4.66673713601e-07,0.000389595362053
4.27,hammer,RobotiQ 3-Finger Adaptive Gripper[reflex:distal_pad_1],1,0.0310963849871,0.00247196193517,0.247741051198,-0.752597386032,0.526374951109,-0.395634408744,-6.69095313565,10.6997007992,0.367679620976,0.0,1.27564494029e-18,-3.71220443246e-17
4.27,hammer,RobotiQ 3-Finger Adaptive Gripper[reflex:distal_pad_2],8,0.0720189532688,0.0139537586091,0.209918044979,0.197133282845,0.96297205159,0.148239715178,19.6560277039,32.212315457,-3.41572124785,0.00251151234161,0.0109701846723,0.00192150385402
4.27,hammer,RobotiQ 3-Finger Adaptive Gripper[reflex:distal_pad_3],12,0.0524468914039,-0.00887154318849,0.222354925019,-0.133618199952,-0.966837219246,-0.207357710249,-11.5275925903,-42.0399678524,8.60357634321,0.00495497772038,0.0505556900844,0.00981298351207
4.28,floor,hammer,3,0.132957416653,0.00463257446244,-4.4977355671e-05,0.0,0.0,-0.998619149129,1.80896919084,0.970303259996,14.8357649023,-7.30092009911e-06,-1.03430798641e-06,0.000247497905995
4.28,hammer,RobotiQ 3-Finger Adaptive Gripper[reflex:distal_pad_1],2,0.0310282800644,0.00258964813496,0.24831128193,-0.485341828783,0.650786233024,-0.494713029464,1.78470481395,10.857542227,-1.58577666049,0.0,0.0,0.0
4.28,hammer,RobotiQ 3-Finger Adaptive Gripper[reflex:distal_pad_2],8,0.0720804061192,0.0139948460988,0.210186502879,0.172959769541,0.967914014363,0.159255589886,20.8574709929,31.9413979447,-4.15062206294,0.00185144318514,0.0102026910146,0.0013777088788
4.28,hammer,RobotiQ 3-Finger Adaptive Gripper[reflex:distal_pad_3],12,0.0528945404452,-0.00854228698066,0.221295527741,-0.137954547792,-0.96593331329,-0.203411189251,-21.9405663309,-42.1167757291,11.4149885441,0.00591961400845,0.0400910520578,0.00869580806496
4.29,floor,hammer,3,0.132329647448,0.00463245406505,-5.10936712475e-05,0.0,0.0,-0.998619149129,1.93421768622,0.638780386754,15.0888313077,-1.09087756926e-05,-2.3341356266e-06,0.000310731659529
4.29,hammer,RobotiQ 3-Finger Adaptive Gripper[reflex:distal_pad_1],2,0.0310981855171,0.00258321069327,0.248444886629,-0.503514529422,0.620543265031,-0.531057842779,1.14919667177,10.8257184385,-1.99274041249,3.00474046713e-16,-3.18966151206e-17,0.0
4.29,hammer,RobotiQ 3-Finger Adaptive Gripper[reflex:distal_pad_2],8,0.0722092008076,0.0140319494299,0.210446710494,0.176593482406,0.965958446605,0.1537418188,19.0657057108,32.0033002126,-4.14252098675,0.00112248818098,0.00900741560457,0.00140926621392
4.29,hammer,RobotiQ 3-Finger Adaptive Gripper[reflex:distal_pad_3],12,0.0530476144562,-0.00841822573443,0.221247103452,-0.136118181955,-0.966484254549,-0.204005564469,-19.2613664611,-42.3561669181,12.0034468702,0.00768504416316,0.0352904154527,0.00799825888916
4.3,floor,hammer,4,0.131733666938,0.00454526587811,-4.29676194571e-05,0.0,0.0,-0.998964361846,2.51857817707,1.20719696427,15.0978448596,1.1271635536e-05,-2.07343652736e-05,0.000360959911297
4.3,hammer,RobotiQ 3-Finger Adaptive Gripper[reflex:distal_pad_1],1,0.0310833753512,0.00235789611007,0.248518474517,-0.770010381811,0.495583233422,-0.401847322566,-5.75909782658,9.62482415806,-1.82974165798,0.0,6.34819161813e-18,3.33928168383e-17
4.3,hammer,RobotiQ 3-Finger Adaptive Gripper[reflex:distal_pad_2],8,0.0721541911694,0.0141059885879,0.2103793325,0.176472088069,0.967500587037,0.156988257422,19.4683567545,33.3173007063,-0.18288540126,0.00225467155027,0.0139518323151,0.00215919361746
4.3,hammer,RobotiQ 3-Finger Adaptive Gripper[reflex:distal_pad_3],12,0.052786326618,-0.00848909776332,0.222302085917,-0.128122390138,-0.969340720555,-0.201591158123,-12.1138730262,-41.4441183984,7.83040212628,0.00481238350634,0.0694744070248,0.0123650840306
4.31,floor,hammer,4,0.13142585854,0.00454530098691,-4.73089866979e-05,0.0,0.0,-0.998964361846,2.23497540331,0.674363769831,15.1876408298,7.1972172663e-06,-2.15918901271e-05,0.000379061821359
4.31,hammer,RobotiQ 3-Finger Adaptive Gripper[reflex:distal_pad_1],2,0.0310446642151,0.00237743543519,0.248780348037,-0.788528982227,0.438927263228,-0.416575807422,-6.3527832986,11.0122268382,-0.225930908312,3.05650694705e-16,1.77109012515e-16,3.82063368382e-17
4.31,hammer,RobotiQ 3-Finger Adaptive Gripper[reflex:distal_pad_2],8,0.0720824736868,0.0141292540606,0.21073344214,0.166779511181,0.969641581969,0.144851925129,19.4249473966,32.1745875418,-3.58182974103,0.00223804313871,0.00977448190761,0.000682374241703
4.31,hammer,RobotiQ 3-Finger Adaptive Gripper[reflex:distal_pad_3],12,0.0527046679236,-0.00836768984012,0.222208026848,-0.139429386128,-0.965305394196,-0.205462106592,-11.5500117191,-42.2256268623,9.73221869268,0.00589066007734,0.0774416048146,0.0149518502223
4.32,floor,hammer,4,0.131265143483,0.00454527642827,-5.13930562596e-05,0.0,0.0,-0.998964361846,1.55551782373,0.751412738585,14.9262049595,9.45076447566e-06,-2.36203245952e-05,0.000174737757637
4.32,hammer,RobotiQ 3-Finger Adaptive Gripper[reflex:distal_pad_1],2,0.0309213076243,0.0023608250873,0.248928326435,-0.494222487183,0.643817400822,-0.487337998133,-0.498595793358,12.1554675953,-2.23633182348,-9.05420753946e-05,0.000103090728175,4.66321138396e-05
4.32,hammer,RobotiQ 3-Finger Adaptive Gripper[reflex:distal_pad_2],8,0.0722115023461,0.0141753007289,0.210516830272,0.178036104945,0.967867571221,0.144282918136,19.3259807983,31.8448336844,-4.11766363253,0.00242453512382,0.0120627917365,0.000840561666925
4.32,hammer,RobotiQ 3-Finger Adaptive Gripper[reflex:distal_pad_3],12,0.0530057671692,-0.00823785627997,0.221641234818,-0.146887338954,-0.964885759809,-0.203833984074,-17.8671674043,-43.4325253507,12.0805589605,0.00227505216043,0.040407317864,0.00766608184629
4.33,floor,hammer,4,0.131233408148,0.00454524762264,-5.49690169735e-05,0.0,0.0,-0.998964361846,-0.533575264989,0.47278278605,13.061838291,1.38078206851e-05,1.6333794517e-06,3.56878449515e-05
4.33,hammer,RobotiQ 3-Finger Adaptive Gripper[reflex:distal_pad_1],2,0.0309262461388,0.00233943085035,0.248887055666,-0.49789049405,0.635773602161,-0.490161654989,-1.86715047926,11.0986771429,-0.705397361116,-0.000183670846736,0.000343911452726,-0.000114561157806
4.33,hammer,RobotiQ 3-Finger Adaptive Gripper[reflex:distal_pad_2],8,0.0721117406383,0.0142098836237,0.210577379515,0.183617811473,0.96757792684,0.137077233772,17.2448069016,32.1196249894,-3.35736093519,0.0011034239803,0.00318718273031,0.000461666098571
4.33,hammer,RobotiQ 3-Finger Adaptive Gripper[reflex:distal_pad_3],11,0.0527439380446,-0.00828693681762,0.222169083026,-0.137459183943,-0.965862120909,-0.209091167672,-15.8395916637,-42.6967896943,7.8282269375,-0.00231516998111,-0.0321987677552,-0.00641935620606
4.34,floor,hammer,4,0.131233408805,0.00454524678019,-5.80763922654e-05,0.0,0.0,-0.998964361846,-0.182231954785,0.360030406591,13.1280595899,1.25161394063e-05,3.14291315178e-06,0.000731654368263
4.34,hammer,RobotiQ 3-Finger Adaptive Gripper[reflex:distal_pad_1],2,0.0310039118305,0.00226709371546,0.248695256028,-0.753025429111,0.46954904617,-0.437600385278,-5.65319236911,10.4822265833,-1.56276373752,-0.00120213022988,0.000945437688373,-0.000688691057961
4.34,hammer,RobotiQ 3-Finger Adaptive Gripper[reflex:distal_pad_2],8,0.0724400908162,0.0141500031715,0.210551370224,0.186272481781,0.961492268826,0.16454221581,18.7831967074,32.6098272822,-2.03552571939,5.24365409471e-05,0.000710495764819,-0.000380949929465
4.34,hammer,RobotiQ 3-Finger Adaptive Gripper[reflex:distal_pad_3],11,0.0527742600269,-0.00826531691785,0.222160907191,-0.145361183253,-0.965170790926,-0.211182582638,-13.3639505001,-42.6359781727,7.41434463036,-0.00111146024715,-0.0175490247741,-0.00359051103879
4.35,floor,hammer,4,0.131233408086,0.00454524464929,-6.1085592762e-05,0.0,0.0,-0.998964361846,-0.489414684963,0.566729976297,13.0733848322,8.87609207446e-06,3.85515379861e-06,0.000346239089926
4.35,hammer,RobotiQ 3-Finger Adaptive Gripper[reflex:distal_pad_1],2,0.03092379363,0.0023811384384,0.24892229314,-0.496142456285,0.639642459269,-0.488838095811,-0.728697549531,10.2625979042,-1.8442385536,-0.000122069691813,0.00017525069625,2.63730995801e-05
4.35,hammer,RobotiQ 3-Finger Adaptive Gripper[reflex:distal_pad_2],8,0.0721589253739,0.0142016641,0.21054477366,0.203485323434,0.959276236288,0.159959825915,17.5491015214,32.7781857711,-1.49161792415,4.84171301198e-05,0.000797410159745,0.00034065396613
4.35,hammer,RobotiQ 3-Finger Adaptive Gripper[reflex:distal_pad_3],12,0.0529156519067,-0.00824590834946,0.22190907703,-0.13113373339,-0.968357911462,-0.206012086827,-17.2484906025,-42.5047718168,7.12130110847,-0.00233140775687,-0.0318782540015,-0.0059701528227
4.36,floor,hammer,5,0.131518959381,0.00411259399266,-5.12517188263e-05,0.0,0.0,-0.998470318317,-0.42336800772,0.624972541429,13.1155086521,2.50411046746e-06,-2.96601417545e-06,0.000244714525826
4.36,hammer,RobotiQ 3-Finger Adaptive Gripper[reflex:distal_pad_1],2,0.0309216501692,0.00238249424466,0.248919873469,-0.49613763042,0.639639777525,-0.488852227228,-0.67228994528,9.97862353274,-2.24691837657,-0.000177533430159,0.000282168134803,-8.08885673698e-05
4.36,hammer,RobotiQ 3-Finger Adaptive Gripper[reflex:distal_pad_2],8,0.0722023921818,0.0142075424926,0.210489858088,0.176362186256,0.967644574218,0.145916409179,16.4283727751,33.0242205137,-0.603049549055,-1.84381476656e-05,-0.00120574780415,-0.000280658098641
4.36,hammer,RobotiQ 3-Finger Adaptive Gripper[reflex:distal_pad_3],12,0.0527991688408,-0.00824546570749,0.221976593926,-0.160328293638,-0.961756481133,-0.209627791841,-16.1451107217,-42.3650909953,6.67133600726,-0.00229757530321,-0.0342807863301,-0.00663023286276
4.37,floor,hammer,5,0.13151895519,0.00411258992891,-5.3496901638e-05,0.0,0.0,-0.998470318317,-0.403662395908,0.624652857704,13.0816866727,3.67407171101e-06,1.28179262476e-06,0.000377956127128
4.37,hammer,RobotiQ 3-Finger Adaptive Gripper[reflex:distal_pad_1],2,0.0309194759005,0.0023846176805,0.248917718462,-0.496133015226,0.63963673288,-0.48886574855,-0.260034766733,9.82431127125,-2.46589222471,-0.000157593844358,0.000244011400908,-1.71779833827e-05
4.37,hammer,RobotiQ 3-Finger Adaptive Gripper[reflex:distal_pad_2],8,0.0721173828163,0.0142157549147,0.210538501898,0.207196274983,0.960259486621,0.150451882842,16.7026607382,33.0842577369,-0.531333012126,-1.72021560064e-05,0.000862187498555,0.000854796975081
4.37,hammer,RobotiQ 3-Finger Adaptive Gripper[reflex:distal_pad_3],12,0.0527301356583,-0.00828963099672,0.222242654847,-0.13004905532,-0.967924986815,-0.205556681085,-16.8173791533,-42.2567273846,6.78257292164,-0.00299767577826,-0.0496854662064,-0.00933988098491
4.38,floor,hammer,5,0.131518952865,0.00411258675265,-5.56621699662e-05,0.0,0.0,-0.998470318317,-0.410213221094,0.543229897405,13.056848311,-2.85120732742e-07,3.70393892811e-07,0.000108085050391
4.38,hammer,RobotiQ 3-Finger Adaptive Gripper[reflex:distal_pad_1],2,0.0309088356168,0.00235283137734,0.248887749099,-0.497058439062,0.629841692368,-0.49847721057,-0.688660254372,9.80798443149,-2.45838033157,-0.000284037720574,0.000574855416436,-0.0002839670409
4.38,hammer,RobotiQ 3-Finger Adaptive Gripper[reflex:distal_pad_2],8,0.0720095411171,0.0142171145824,0.210682867625,0.170358219909,0.970487897499,0.133763120026,16.6014780952,33.0745917786,-0.689592374289,0.000858216471862,-0.000274713308715,-0.000235198549791
4.38,hammer,RobotiQ 3-Finger Adaptive Gripper[reflex:distal_pad_3],12,0.0528308365496,-0.00823668320225,0.221909436654,-0.141793579295,-0.965425822566,-0.20336036192,-16.3162854026,-42.2955146105,6.90579261742,-0.00272119225114,-0.0499697383075,-0.00925230828158
4.39,floor,hammer,5,0.131518953293,0.00411258509531,-5.77526203511e-05,0.0,0.0,-0.998470318317,-0.370018634775,0.642912753147,13.08067858,-1.20825336557e-06,-1.67250778091e-06,-4.66117195536e-05
4.39,hammer,RobotiQ 3-Finger Adaptive Gripper[reflex:distal_pad_1],2,0.0309016457945,0.00235499743617,0.248890507643,-0.496640139291,0.626807634119,-0.502568596387,-0.348308417887,9.54059810511,-2.83437324611,-0.000283034433386,0.000598626060543,-0.000279818433354
4.39,hammer,RobotiQ 3-Finger Adaptive Gripper[reflex:distal_pad_2],8,0.0720313629982,0.0142430821725,0.210446683502,0.189985561434,0.961919021612,0.174788456716,16.2815250718,33.3410277173,0.216617476835,-0.00132870618038,-0.00667480579262,-0.00158707166232
4.39,hammer,RobotiQ 3-Finger Adaptive Gripper[reflex:distal_pad_3],12,0.0525836897925,-0.00833372366392,0.222556639926,-0.126759263508,-0.969099168513,-0.203056948457,-16.313611009,-42.2141474888,6.40098081885,-0.00392689815232,-0.0538313344208,-0.010070173616
4.4,floor,hammer,6,0.131660666859,0.00379875331636,-4.98383583656e-05,0.0,0.0,-0.998619149129,-0.392671127107,0.652838554563,13.0783885781,7.24179338035e-06,3.0978078295e-06,1.56999043334e-06
4.4,hammer,RobotiQ 3-Finger Adaptive Gripper[reflex:distal_pad_1],2,0.0308974919338,0.0023576414333,0.248887839123,-0.496636745335,0.626799392163,-0.502585427352,-0.419586120685,9.59884088974,-2.74964485495,-0.000275846772772,0.000592969936251,-0.000291827203068
4.4,hammer,RobotiQ 3-Finger Adaptive Gripper[reflex:distal_pad_2],8,0.0720273901391,0.0142458429779,0.210443514116,0.18998329042,0.961921499817,0.174777509866,16.3877165888,33.2952599002,0.0772243317166,-0.00141077850833,-0.00701130679895,-0.00167701838951
4.4,hammer,RobotiQ 3-Finger Adaptive Gripper[reflex:distal_pad_3],12,0.0527167442153,-0.00830663564261,0.222357332175,-0.126596616075,-0.96943513258,-0.201668689953,-16.3688634751,-42.2196590786,6.45473983306,-0.0039047299771,-0.0526430840624,-0.00974649801505
4.41,floor,hammer,6,0.131660664193,0.00379875039064,-5.14645723696e-05,0.0,0.0,-0.998619149129,-0.439677435291,0.524027875372,13.0552115465,8.4431985772e-06,5.74144796425e-06,0.000325242278951
4.41,hammer,RobotiQ 3-Finger Adaptive Gripper[reflex:distal_pad_1],2,0.0308937205852,0.00232111697116,0.248821211836,-0.497768393099,0.62414745929,-0.50356467766,-0.632754716923,9.82480423617,-2.40343753917,-0.000410588473756,0.000899073979684,-0.000515389934878
4.41,hammer,RobotiQ 3-Finger Adaptive Gripper[reflex:distal_pad_2],8,0.0722590340996,0.014196813649,0.210589389034,0.162602331458,0.971184049455,0.138794579606,16.8231858855,32.9729876009,-0.954110841079,-0.000789143050328,-0.006840050974,-0.00128441395752
4.41,hammer,RobotiQ 3-Finger Adaptive Gripper[reflex:distal_pad_3],12,0.0531543944463,-0.00811697503348,0.221171847505,-0.150457551103,-0.965118571915,-0.202027062381,-16.6313742299,-42.1953850651,7.11212263716,-0.00305913889771,-0.0477043181029,-0.00875234105747
4.42,floor,hammer,6,0.131660667369,0.0037987498175,-5.30355920862e-05,0.0,0.0,-0.998619149129,-0.359190762602,0.7231049492,13.0160747695,1.17056356881e-05,3.99008811521e-06,7.1615469193e-05
4.42,hammer,RobotiQ 3-Finger Adaptive Gripper[reflex:distal_pad_1],2,0.0308917114368,0.00232099787439,0.248813588469,-0.498179305045,0.627165260573,-0.499508859174,-0.23137993322,9.08289602861,-3.44679106079,-0.000292569152282,0.000759196710872,-0.000400806906782
4.42,hammer,RobotiQ 3-Finger Adaptive Gripper[reflex:distal_pad_2],8,0.0720803800121,0.014238665034,0.21053857393,0.180090556008,0.968448007016,0.136401579074,17.0161621147,33.609460002,0.963824275534,-0.000113139007461,-0.00417500918386,-0.000893656124664
4.42,hammer,RobotiQ 3-Finger Adaptive Gripper[reflex:distal_pad_3],11,0.0528235699254,-0.0081362600601,0.221451191365,-0.14356344374,-0.964730138047,-0.203466864141,-17.1744156142,-41.9321099538,6.19724797962,-0.00291655808886,-0.0467343755505,-0.00852346755093
4.43,floor,hammer,6,0.131660666669,0.00379874749939,-5.45514347474e-05,0.0,0.0,-0.998619149129,-0.447752464892,0.651490245932,13.0069901581,9.81134292473e-06,7.97285622871e-06,0.000307085617483
4.43,hammer,RobotiQ 3-Finger Adaptive Gripper[reflex:distal_pad_1],2,0.0308851091521,0.00232368869518,0.248816822422,-0.497761647852,0.624132459844,-0.503597675677,-0.159812585282,9.33652548198,-3.09293168715,-0.000301446082163,0.00080687141529,-0.000420891106895
4.43,hammer,RobotiQ 3-Finger Adaptive Gripper[reflex:distal_pad_2],8,0.0721599805819,0.0142142683379,0.2105819694,0.180991816252,0.964644663538,0.156088011093,17.0891020019,33.437599283,0.293068013436,-0.000595152292086,-0.00399620731392,-0.00102665348094
4.43,hammer,RobotiQ 3-Finger Adaptive Gripper[reflex:distal_pad_3],11,0.0528297514073,-0.00815244780889,0.221557821456,-0.158535310663,-0.961628849388,-0.209534576412,-17.3856680231,-42.0948089691,6.50868384225,-0.00168124533689,-0.0324406352859,-0.00578797717577
4.44,floor,hammer,6,0.13166066495,0.00379874479475,-5.60153449847e-05,0.0,0.0,-0.998619149129,-0.562876123197,0.448247304727,13.1441414767,4.79908788897e-06,4.90796591697e-06,0.000165304649672
4.44,hammer,RobotiQ 3-Finger Adaptive Gripper[reflex:distal_pad_1],2,0.0308816531173,0.00232567534887,0.248814844147,-0.497758179913,0.624126267028,-0.503612963701,-0.645906700251,9.7532568932,-2.52492655104,-0.000369294923275,0.000863511921089,-0.000518212747328
4.44,hammer,RobotiQ 3-Finger Adaptive Gripper[reflex:distal_pad_2],8,0.072036749773,0.0142773092908,0.210362503733,0.180036438343,0.963951544239,0.1677847243,16.3907257112,33.0714735843,-0.600941424009,-0.00186295342828,-0.00949580463248,-0.0020263556818
4.44,hammer,RobotiQ 3-Finger Adaptive Gripper[reflex:distal_pad_3],12,0.0529950453777,-0.00814506611622,0.221439191298,-0.155945747502,-0.963189279343,-0.206785136868,-16.2849667032,-42.410864947,6.98653983557,0.00110988689218,-0.00948474611024,-0.000712338232905
4.45,floor,hammer,6,0.131660663487,0.00379874217836,-5.74316816324e-05,0.0,0.0,-0.998619149129,-0.502062425763,0.604723633208,13.1306476854,8.01798993319e-06,-2.98886168922e-06,-0.00022032797478
4.45,hammer,RobotiQ 3-Finger Adaptive Gripper[reflex:distal_pad_1],2,0.03087734679,0.00232753043484,0.248814591293,-0.497755700317,0.624120397226,-0.503626537675,-0.150996500593,9.28694569413,-3.17289834992,-0.000201899162348,0.000670910542622,-0.000319435325438
4.45,hammer,RobotiQ 3-Finger Adaptive Gripper[reflex:distal_pad_2],8,0.0720850488646,0.0142190774518,0.210645683446,0.201555959,0.957061561179,0.174712139966,16.6561073258,33.546926066,0.612556217041,-0.00229674202753,-0.00931290232809,-0.00201113898587
4.45,hammer,RobotiQ 3-Finger Adaptive Gripper[reflex:distal_pad_3],12,0.0527743618357,-0.00824742896824,0.222050266465,-0.133650621418,-0.967963552838,-0.20489918541,-16.9992094345,-42.2689987364,6.40688798302,-0.000260802665952,-0.0101502476901,-0.00165134312039
4.46,floor,hammer,6,0.131660664468,0.00379874098139,-5.88011238485e-05,0.0,0.0,-0.998619149129,-0.502014780282,0.585686357662,13.0894492391,5.65169418944e-06,5.94190653078e-06,0.00034177044323
4.46,hammer,RobotiQ 3-Finger Adaptive Gripper[reflex:distal_pad_1],2,0.0308757454515,0.00233036416269,0.248812948032,-0.497753198741,0.624123351574,-0.503633385706,-0.172867003848,9.44113770272,-2.95040228538,-0.000212990798634,0.000684750622067,-0.000344859496432
4.46,hammer,RobotiQ 3-Finger Adaptive Gripper[reflex:distal_pad_2],8,0.0721549681356,0.0142283342694,0.210522840718,0.201605108643,0.957099122037,0.174548234426,16.6151283932,33.3884444421,0.312261116741,-0.00102444189764,-0.00570027776874,-0.00127910126039
4.46,hammer,RobotiQ 3-Finger Adaptive Gripper[reflex:distal_pad_3],12,0.0526070121552,-0.00823669259793,0.222122531351,-0.147281869647,-0.963862114844,-0.209642219252,-16.9399502062,-42.2668233298,6.4409157865,0.000119910414809,-0.0181590693426,-0.00290445906128
4.47,floor,hammer,6,0.131660659606,0.00379873633855,-6.01236637174e-05,0.0,0.0,-0.998619149129,-0.474672956652,0.636097602582,13.0530040299,1.32961689128e-05,5.38187217315e-06,0.000370393180286
4.47,hammer,RobotiQ 3-Finger Adaptive Gripper[reflex:distal_pad_1],2,0.0308749582734,0.00236535202557,0.248854482383,-0.496113180282,0.627855074357,-0.502338047599,-0.192074829227,9.56314947246,-2.77584901639,-0.00023124176205,0.000582744565467,-0.000295707590589
4.47,hammer,RobotiQ 3-Finger Adaptive Gripper[reflex:distal_pad_2],8,0.0718370660623,0.0142479802196,0.210669095283,0.186245436325,0.96654766714,0.149030799857,16.8287530311,33.3499277026,0.230971154634,3.68198327552e-05,-0.00249243210463,-0.000501997735718
4.47,hammer,RobotiQ 3-Finger Adaptive Gripper[reflex:distal_pad_3],11,0.05248592981,-0.00824294188955,0.222228340431,-0.128095209823,-0.967641754044,-0.198823209834,-17.1135783829,-42.2873165844,6.30804209287,-0.000485263529876,-0.0349495271382,-0.00582644031307
4.48,floor,hammer,6,0.131660653054,0.00379873052408,-6.14007851016e-05,0.0,0.0,-0.998619149129,-0.487857454999,0.615617242411,13.0400852858,1.05257528233e-05,3.9376901102e-06,0.00028294920281
4.48,hammer,RobotiQ 3-Finger Adaptive Gripper[reflex:distal_pad_1],2,0.0308735897539,0.00236651645622,0.248853432905,-0.49610976504,0.62785182496,-0.502349628793,-0.485904106907,9.70206809692,-2.57373362705,-0.000247131341216,0.000594487970268,-0.000348966303199
4.48,hammer,RobotiQ 3-Finger Adaptive Gripper[reflex:distal_pad_2],8,0.0718356434207,0.0142488828309,0.210667320186,0.186306559341,0.96654518065,0.148962526834,16.7365770102,33.2553007525,-0.0102517020577,5.96019261327e-05,-0.00243258569636,-0.0004798789362
4.48,hammer,RobotiQ 3-Finger Adaptive Gripper[reflex:distal_pad_3],11,0.0522677611373,-0.00828571571402,0.222585259379,-0.124871559562,-0.968270244631,-0.208211782212,-16.742286514,-42.3440075936,6.33361661336,-0.00189742331376,-0.0283115181094,-0.00528508043657
4.49,floor,hammer,6,0.13166064804,0.00379872575034,-6.2633618715e-05,0.0,0.0,-0.998619149129,-0.545530464226,0.386375772308,13.0416582126,2.61377547628e-06,5.82403249103e-06,0.0003570254156
4.49,hammer,RobotiQ 3-Finger Adaptive Gripper[reflex:distal_pad_1],2,0.0308715819317,0.0023664802492,0.248852428961,-0.496106080973,0.627847342525,-0.502362785655,-0.612251456903,9.77537284866,-2.4770650233,-0.00024598255662,0.000594613194667,-0.000368533318603
4.49,hammer,RobotiQ 3-Finger Adaptive Gripper[reflex:distal_pad_2],8,0.0718337424567,0.0142488427325,0.210665505328,0.186309985281,0.96654499874,0.148959085481,16.579849045,32.9672504276,-0.734036338077,2.94928207857e-05,-0.00286393650597,-0.000557925123563
4.49,hammer,RobotiQ 3-Finger Adaptive Gripper[reflex:distal_pad_3],11,0.0525897508326,-0.00820981601956,0.222041924565,-0.135984332922,-0.967333998967,-0.206985824452,-16.5056907701,-42.3837379185,6.96601328417,-0.00148351456032,-0.0270311698294,-0.00485527524282
4.5,floor,hammer,6,0.131660643137,0.00379872082567,-6.38262658862e-05,0.0,0.0,-0.998619149129,-0.495936283669,0.60038718959,13.0271889704,1.05621675943e-05,4.72554836678e-06,0.00031921497362
4.5,hammer,RobotiQ 3-Finger Adaptive Gripper[reflex:distal_pad_1],2,0.0308700177075,0.00236714304799,0.248851321885,-0.496104143982,0.627843167186,-0.502374341331,-0.375017090994,9.66388987883,-2.61831486557,-0.000225821619449,0.000577995027541,-0.000346464736635
4.5,hammer,RobotiQ 3-Finger Adaptive Gripper[reflex:distal_pad_2],8,0.071832134707,0.0142493293562,0.210663782695,0.18625698985,0.966547263007,0.149017984017,16.4641028306,33.249267602,-0.0551884775704,0.000112431346774,-0.00213911610277,-0.000433596273463
4.5,hammer,RobotiQ 3-Finger Adaptive Gripper[reflex:distal_pad_3],11,0.0525244789352,-0.00826498108303,0.222349620724,-0.132729303592,-0.967571611683,-0.206913052037,-16.5895050033,-42.3047037816,6.40868387226,-0.00156439546426,-0.0306742401677,-0.00529880505542
4.51,hammer,RobotiQ 3-Finger Adaptive Gripper[reflex:distal_pad_1],2,0.0332295084536,0.00342881665441,0.251962454925,-0.83800728114,0.386874320965,-0.346263874355,-5.442893335,0.0521724292457,-13.0594099757,-0.00138999656222,-0.000154012721045,0.000114959062665
4.51,hammer,RobotiQ 3-Finger Adaptive Gripper[reflex:distal_pad_2],8,0.0741916017988,0.014917334524,0.213322926204,0.181626213089,0.966654916619,0.149038498709,-1.94193654182,24.8621807771,-14.9201686258,0.000756456533788,0.00363948934854,4.44456315779e-05
4.51,hammer,RobotiQ 3-Finger Adaptive Gripper[reflex:distal_pad_3],11,0.0549984820678,-0.00748328439568,0.224427599723,-0.128407464731,-0.969371612243,-0.197690544172,-31.0583311697,-38.7439660879,-8.30529258609,-0.00473135718564,-0.0281356464627,-0.00590358592188
4.52,hammer,RobotiQ 3-Finger Adaptive Gripper[reflex:distal_pad_1],2,0.0392489900154,0.00543421406114,0.25807733347,-0.518112175298,0.667227078403,-0.439726617019,1.50629188252,11.2412968314,-0.17695489846,0.0,0.0,0.0
4.52,hammer,RobotiQ 3-Finger Adaptive Gripper[reflex:distal_pad_2],8,0.0801133569758,0.0170040729425,0.219958607037,0.174207720839,0.970117318584,0.146046610661,16.8342249419,24.9230058561,-15.5337059143,-0.000104545838534,-0.000387859035717,4.12548366278e-05
4.52,hammer,RobotiQ 3-Finger Adaptive Gripper[reflex:distal_pad_3],12,0.0610247538071,-0.00530726044342,0.231026715942,-0.139103070709,-0.969584415508,-0.191891868849,-24.6284780241,-41.0621441961,0.964793842131,0.00329055016038,0.0143538256716,0.00274229289808
4.53,hammer,RobotiQ 3-Finger Adaptive Gripper[reflex:distal_pad_1],2,0.0461510345672,0.00807870744137,0.265325687589,-0.809189819287,0.4143323632,-0.411461148255,-6.24989141749,8.23228797096,0.0528704539452,0.0,0.0,0.0
4.53,hammer,RobotiQ 3-Finger Adaptive Gripper[reflex:distal_pad_2],7,0.0866593101946,0.019821171763,0.226930505016,0.182422977773,0.970269171346,0.127530067785,16.8938700038,31.2329286436,-7.7808220196,0.00116592624337,0.00411936084176,0.000346054521034
4.53,hammer,RobotiQ 3-Finger Adaptive Gripper[reflex:distal_pad_3],13,0.0680882816171,-0.00225709118758,0.237092460071,-0.145750844576,-0.967872542485,-0.195996211023,-10.4951962416,-38.7841776985,5.62293104565,0.00222394318335,0.0127327019946,0.00274704805485
4.54,hammer,RobotiQ 3-Finger Adaptive Gripper[reflex:distal_pad_1],2,0.0522391609751,0.0104127478186,0.271870912194,-0.511285823852,0.587296398659,-0.518611079124,1.99935992855,11.8773810379,-2.15529979069,0.0,-1.49553965787e-17,-8.24158868784e-17
4.54,hammer,RobotiQ 3-Finger Adaptive Gripper[reflex:distal_pad_2],8,0.092925192669,0.022485620582,0.232990064006,0.180085984754,0.968962754256,0.133711351209,21.9456527463,33.566298385,-0.100628879028,0.00281558731714,0.0145209554639,0.00217944489696
4.54,hammer,RobotiQ 3-Finger Adaptive Gripper[reflex:distal_pad_3],11,0.074966865036,0.000701615373228,0.242121504518,-0.169536416592,-0.963261315451,-0.195734893059,-21.4400801558,-37.92079096,4.65335391118,0.00142896157897,0.0014683151392,0.000284923142757
4.55,hammer,RobotiQ 3-Finger Adaptive Gripper[reflex:distal_pad_1],1,0.0571090850019,0.0125619087138,0.277353024567,-0.811765400224,0.428986653921,-0.396241574998,-3.91839699938,5.35934724649,0.591019942236,1.02525616857e-18,4.10102467427e-18,-3.03906066746e-17
4.55,hammer,RobotiQ 3-Finger Adaptive Gripper[reflex:distal_pad_2],9,0.0975987449467,0.0247081186283,0.237811551543,0.215234705184,0.959348924941,0.147934587672,26.6703736912,36.0775990609,6.67668359451,0.00694008121671,0.0193238002988,-0.00124244338543
4.55,hammer,RobotiQ 3-Finger Adaptive Gripper[reflex:distal_pad_3],12,0.0796833113471,0.00306149111594,0.2470362827,-0.16271707929,-0.964944141659,-0.194117951445,-19.6875473487,-35.0141363103,-3.1689484984,0.00385180426007,0.0113256234478,0.00227841498796
4.56,hammer,RobotiQ 3-Finger Adaptive Gripper[reflex:distal_pad_1],1,0.0605090090292,0.0135826183004,0.280831560592,-0.849917714556,0.321029917954,-0.417827321105,-1.67380965061,1.0285426213,-1.29533834145,0.0,8.98821532099e-18,7.13694812484e-18
4.56,hammer,RobotiQ 3-Finger Adaptive Gripper[reflex:distal_pad_2],9,0.101210493696,0.0263264936369,0.24092672226,0.178692788401,0.970156928949,0.124078695965,29.2245160195,37.9054375227,11.6503486182,0.000400896311901,0.00473066437437,0.00180225135971
4.56,hammer,RobotiQ 3-Finger Adaptive Gripper[reflex:distal_pad_3],11,0.0834244560138,0.00496734202393,0.249426890926,-0.179466606843,-0.961615892992,-0.198631932161,-23.8670705683,-33.4596840111,-7.83081928153,0.00479448589003,0.0159235291706,0.00352003776613
4.57,hammer,RobotiQ 3-Finger Adaptive Gripper[reflex:distal_pad_1],1,0.0626630829097,0.0146353114156,0.283631990888,-0.846756791628,0.341086720609,-0.408243536209,-0.542655059826,1.99800044444,-2.36702389414,0.0,0.0,0.0
4.57,hammer,RobotiQ 3-Finger Adaptive Gripper[reflex:distal_pad_2],9,0.103216024638,0.0274118309006,0.24320411896,0.201891833563,0.964205792465,0.0956532942182,31.109353335,36.5324157213,6.50473727231,0.00236253980608,0.0068308644261,0.00228312819602
4.57,hammer,RobotiQ 3-Finger Adaptive Gripper[reflex:distal_pad_3],11,0.0857452512955,0.00611634257634,0.251638870986,-0.202978643628,-0.957081371821,-0.201468446891,-25.8208194415,-34.3512603866,-4.60129302276,0.00425726655115,0.0155743367226,0.00340620438595
4.58,hammer,RobotiQ 3-Finger Adaptive Gripper[reflex:distal_pad_1],1,0.0638228365155,0.0146489883175,0.284844995645,-0.874591029799,0.233915625913,-0.424704615644,1.03164729579,1.32116829671,-1.39680036407,0.0,0.0,0.0
4.58,hammer,RobotiQ 3-Finger Adaptive Gripper[reflex:distal_pad_2],10,0.104480391855,0.0280634848142,0.244157734892,0.207254447418,0.965389147375,0.0803333041449,30.6559494141,35.4544810992,2.52016998182,0.00331225287104,0.00900902017369,0.00430364937584
4.58,hammer,RobotiQ 3-Finger Adaptive Gripper[reflex:distal_pad_3],10,0.0870707266094,0.00695622621064,0.252118471096,-0.194144400191,-0.958620918923,-0.199847962321,-27.5067488152,-34.084244927,-4.21397642373,0.00250403939868,0.00232248274081,0.000453604932115
4.59,hammer,RobotiQ 3-Finger Adaptive Gripper[reflex:distal_pad_1],1,0.0642930549524,0.0147358331787,0.285670371246,-0.881034590298,0.210560640808,-0.423606264401,0.965577103966,1.30972678565,-1.35722713576,0.0,0.0,0.0
4.59,hammer,RobotiQ 3-Finger Adaptive Gripper[reflex:distal_pad_2],10,0.104935737317,0.0283952881672,0.244475521743,0.281823810825,0.871616623257,0.0864066342759,29.2444800745,34.3898124349,-1.29661506406,0.00506317783593,0.0200697785331,0.00080426388202
4.59,hammer,RobotiQ 3-Finger Adaptive Gripper[reflex:distal_pad_3],10,0.0878244963044,0.00736127333465,0.25230889009,-0.211927937082,-0.954362108441,-0.203513675812,-25.5141473065,-34.155200883,-3.01406216499,0.00162731206686,0.00655927337973,0.00117482051473
4.6,hammer,RobotiQ 3-Finger Adaptive Gripper[reflex:distal_pad_2],12,0.104896082143,0.0285736197257,0.244441835725,0.251808540819,0.892022698119,0.0868358238041,28.2579414975,33.5807355769,-4.63515122531,0.00726054808004,0.0252792102808,-0.00053846524546
4.6,hammer,RobotiQ 3-Finger Adaptive Gripper[reflex:distal_pad_3],9,0.0876618053192,0.00761134113376,0.252433000456,-0.21685195616,-0.952056839565,-0.206937316182,-26.6039125689,-33.8319251395,-2.80343566763,0.00186065656759,0.00730473289711,0.00184738479171
4.61,hammer,RobotiQ 3-Finger Adaptive Gripper[reflex:distal_pad_2],11,0.104811532303,0.0287275392666,0.244264749175,0.223877895746,0.892937827609,0.0635069626509,22.8817121026,33.0118972897,-6.2883934633,0.00883440089809,0.0323433697158,2.7627797244e-05
4.61,hammer,RobotiQ 3-Finger Adaptive Gripper[reflex:distal_pad_3],10,0.087506112671,0.00786405554626,0.252044409084,-0.195256117626,-0.958045118223,-0.20309672125,-22.0033482879,-33.1368087513,-2.69078672717,0.000595031587713,0.00424984267068,0.00102535056261
4.62,hammer,RobotiQ 3-Finger Adaptive Gripper[reflex:distal_pad_2],11,0.104757073719,0.0288287229943,0.243999736931,0.255774180002,0.886173771414,0.0836783515141,21.0161869843,32.6547465258,-7.75730057162,0.004947725198,0.0202477203888,0.000395606298458
4.62,hammer,RobotiQ 3-Finger Adaptive Gripper[reflex:distal_pad_3],10,0.0878024994486,0.00812823444721,0.251000093001,-0.228503483472,-0.950880539826,-0.203733345889,-20.5343113389,-32.0591729199,-1.99659249857,0.00423565375299,0.0141561180884,0.00336841230341
4.63,hammer,RobotiQ 3-Finger Adaptive Gripper[reflex:distal_pad_2],11,0.104057314578,0.0290675631727,0.243743941862,0.224434567275,0.940459688153,0.0945507403225,28.4173989336,32.5657210112,-9.3243167065,0.00631786911989,0.015625358224,0.0030867136089
4.63,hammer,RobotiQ 3-Finger Adaptive Gripper[reflex:distal_pad_3],10,0.0878375379808,0.00842777007316,0.250049191446,-0.234336115801,-0.948276402275,-0.204007042206,-28.5993048138,-31.9702541557,-0.487650417347,0.000546139311606,0.0014392317049,0.000480991582271
4.64,hammer,RobotiQ 3-Finger Adaptive Gripper[reflex:distal_pad_2],13,0.104304386027,0.0291392420688,0.24351170943,0.198077581726,0.969023629894,0.0815517675795,28.3580655428,32.3762183837,-10.6453721565,0.00284396631587,0.00838253827032,0.00124627336403
4.64,hammer,RobotiQ 3-Finger Adaptive Gripper[reflex:distal_pad_3],8,0.0882625735834,0.00882586264249,0.248219429598,-0.259535399774,-0.944352792066,-0.183139533076,-28.8711143012,-31.7480503828,0.448715976179,-0.000353341542844,-0.00159439951289,-6.68956880641e-05
4.65,hammer,RobotiQ 3-Finger Adaptive Gripper[reflex:distal_pad_2],13,0.104021586574,0.0293373045284,0.243469283097,0.265208769866,0.891714185772,0.0685269309521,27.3933140979,32.3917822101,-11.2191094717,0.00660983408782,0.0250139605679,0.000604011374734
4.65,hammer,RobotiQ 3-Finger Adaptive Gripper[reflex:distal_pad_3],8,0.0889829802797,0.00922137894557,0.246234145719,-0.26227332197,-0.944356903724,-0.182103075667,-27.5497606472,-32.0222384107,1.31392308361,0.00136944331756,0.00324631206151,0.000914807406815
4.66,hammer,RobotiQ 3-Finger Adaptive Gripper[reflex:distal_pad_2],13,0.10388284532,0.029529260241,0.243300931701,0.265764382245,0.893380374034,0.0643853610914,27.0992910851,32.4144677149,-11.7954625754,0.007693136013,0.026890565553,-0.000738783920461
4.66,hammer,RobotiQ 3-Finger Adaptive Gripper[reflex:distal_pad_3],8,0.0890591647147,0.0094384769188,0.245974772446,-0.259512358604,-0.945337146101,-0.176100602546,-27.2607389565,-32.1099081111,2.08931456056,0.0022848275562,0.0062788921044,0.00149299451061
4.67,hammer,RobotiQ 3-Finger Adaptive Gripper[reflex:distal_pad_2],13,0.104072574538,0.0296778390236,0.243016539186,0.177600894511,0.970988536808,0.092624169663,28.1107613998,32.0678376242,-13.3892851099,0.00234959542208,0.00469098166356,0.000954654766139
4.67,hammer,RobotiQ 3-Finger Adaptive Gripper[reflex:distal_pad_3],8,0.0889187331456,0.00963399300888,0.246199194681,-0.290861331111,-0.936920429151,-0.168019900492,-28.4672320049,-32.4216923947,3.60478909039,0.000848143151228,0.00144254776426,0.000583271151377
4.68,hammer,RobotiQ 3-Finger Adaptive Gripper[reflex:distal_pad_2],13,0.103952576975,0.0298853592933,0.243089872907,0.249325964187,0.943318470486,0.0876328339542,29.5761076399,32.3898022143,-13.4078314447,0.00438158140843,0.00819263303093,0.00509862064175
4.68,hammer,RobotiQ 3-Finger Adaptive Gripper[reflex:distal_pad_3],8,0.0889384464031,0.0100227412379,0.245410939948,-0.295045650557,-0.935623544047,-0.159023027699,-29.4994477647,-32.1998009044,3.82607576088,0.000586046528743,0.000949975773624,0.000437809587808
4.69,hammer,RobotiQ 3-Finger Adaptive Gripper[reflex:distal_pad_2],14,0.103871970542,0.0301244619918,0.243015472804,0.249229065955,0.901567681643,0.0860086427366,26.6142420109,32.3666869403,-13.7228704814,0.00617032484684,0.022593708039,4.44509705923e-05
4.69,hammer,RobotiQ 3-Finger Adaptive Gripper[reflex:distal_pad_3],7,0.0891186513818,0.0102500331038,0.245184618397,-0.284418872769,-0.941108143623,-0.148657182268,-26.5132422102,-32.0864588493,4.19602305406,7.55177027067e-05,0.00143139089755,6.65681846567e-05
4.7,hammer,RobotiQ 3-Finger Adaptive Gripper[reflex:distal_pad_2],13,0.103851733404,0.0303295043018,0.243040379754,0.232860536328,0.944425176696,0.0897554341834,22.6054008017,32.4468677513,-13.8536896208,0.00361384606972,0.012267561693,0.000744830115666
4.7,hammer,RobotiQ 3-Finger Adaptive Gripper[reflex:distal_pad_3],8,0.0890494592938,0.0104794448436,0.245412576336,-0.291495436995,-0.938100239255,-0.1549064245,-22.4544823945,-31.9820534103,4.36945230613,0.00342290797292,0.00881242094508,0.00180734857759
4.71,hammer,RobotiQ 3-Finger Adaptive Gripper[reflex:distal_pad_2],13,0.103683253461,0.0305523523741,0.243054454419,0.231158726402,0.949898924198,0.0609612715405,28.8869640243,32.368220502,-15.6168377298,0.00200671479492,0.00598365075521,0.00270362569456
4.71,hammer,RobotiQ 3-Finger Adaptive Gripper[reflex:distal_pad_3],8,0.0890856696172,0.0106851578737,0.245547909309,-0.313061553919,-0.92994008015,-0.163826881384,-29.1158167087,-32.3719511442,6.2276965023,0.0010794282552,0.00207818178847,0.000840868110938
4.72,hammer,RobotiQ 3-Finger Adaptive Gripper[reflex:distal_pad_2],13,0.103706992759,0.030747285217,0.243131941675,0.282815945373,0.895435830181,0.0364693551271,27.2549513928,32.4422449029,-16.0369545154,0.00464975946434,0.0178253902821,-0.00385329766529
4.72,hammer,RobotiQ 3-Finger Adaptive Gripper[reflex:distal_pad_3],8,0.0890858015419,0.0109037156539,0.245685501532,-0.303300155921,-0.93515838323,-0.156630728287,-27.3916934444,-32.2540775564,6.52109202988,0.000920840874373,0.00235609160545,0.000494736894655
4.73,hammer,RobotiQ 3-Finger Adaptive Gripper[reflex:distal_pad_2],13,0.103811877609,0.0309530075091,0.24293271305,0.249673604779,0.902199847774,0.0452110370073,23.0962771338,32.4201020985,-16.3004712117,0.00408198136636,0.0192047811331,-0.000391748137991
4.73,hammer,RobotiQ 3-Finger Adaptive Gripper[reflex:distal_pad_3],8,0.0889827903044,0.0111349672013,0.24592754057,-0.311435618931,-0.93119588837,-0.16868547601,-23.0498435369,-32.2446290029,6.77287280347,0.00333209735016,0.00745129426398,0.00174386787997
4.74,hammer,RobotiQ 3-Finger Adaptive Gripper[reflex:distal_pad_2],13,0.103580831007,0.0312084627474,0.242935095831,0.204609906678,0.96974085942,0.0526619700094,23.2622009891,32.5948602533,-16.6609534074,0.00176676562685,0.0045838493189,0.00186991416663
4.74,hammer,RobotiQ 3-Finger Adaptive Gripper[reflex:distal_pad_3],8,0.0891277205419,0.0113813017626,0.245664805612,-0.294008764462,-0.938742405472,-0.151684543773,-23.2441555463,-32.0332517464,7.01403021269,0.00144862834163,0.00331638894325,0.000436698998503
4.75,hammer,RobotiQ 3-Finger Adaptive Gripper[reflex:distal_pad_2],14,0.103710175806,0.0313923486077,0.242887657319,0.251689252274,0.906620280187,0.0462867496998,25.3564191186,32.4235220798,-17.9632231889,0.00400165644405,0.0186894547679,-0.00022881042082
4.75,hammer,RobotiQ 3-Finger Adaptive Gripper[reflex:distal_pad_3],7,0.0892172302442,0.011639129074,0.245454764503,-0.266539630847,-0.948705972141,-0.132552530114,-25.2800045319,-32.318728436,8.45666856024,0.00236736980135,0.0061473156997,0.00122645134003
4.76,hammer,RobotiQ 3-Finger Adaptive Gripper[reflex:distal_pad_2],14,0.103767917599,0.0315808770598,0.242821743431,0.256541461801,0.905391801106,0.0477316715051,28.8574926944,32.3642885815,-19.5029001178,0.00263491553594,0.0113800508921,0.00105875815331
4.76,hammer,RobotiQ 3-Finger Adaptive Gripper[reflex:distal_pad_3],7,0.0892655119176,0.0118735537656,0.245446415852,-0.313400967385,-0.931665178607,-0.151655895206,-28.9914051333,-32.6713823416,10.1047613421,0.00188953717569,0.00329072840028,0.00115317072056
4.77,hammer,RobotiQ 3-Finger Adaptive Gripper[reflex:distal_pad_2],14,0.103742880345,0.0317702035248,0.242868130607,0.28180282841,0.900217070582,0.050272932454,26.1781361508,32.4105712095,-19.9458105481,0.000734799108795,0.00517812983214,-0.00186324359488
4.77,hammer,RobotiQ 3-Finger Adaptive Gripper[reflex:distal_pad_3],7,0.0892124629519,0.0121292926173,0.245499605172,-0.277159700739,-0.946851925357,-0.133118289618,-25.9989665661,-32.5949646516,10.4357355269,0.00164150710296,0.00545109992005,0.000314929886504
4.78,hammer,RobotiQ 3-Finger Adaptive Gripper[reflex:distal_pad_2],14,0.103785024731,0.031966250444,0.242679042709,0.205514604437,0.9714259216,0.0522695423233,24.1422979502,32.4721076044,-19.9921076412,0.000161329598056,-0.000441576997213,0.0017180462539
4.78,hammer,RobotiQ 3-Finger Adaptive Gripper[reflex:distal_pad_3],7,0.0892094636959,0.0123456430861,0.245578773318,-0.27851221204,-0.946627884293,-0.132089542041,-24.3171992736,-32.4649816328,10.5346361435,0.000903956320683,0.0027590683753,0.00023867394117
4.79,hammer,RobotiQ 3-Finger Adaptive Gripper[reflex:distal_pad_2],14,0.103629427673,0.0321929490381,0.242679267411,0.281074592605,0.900930721235,0.0557350142873,24.4932753182,32.3665131136,-21.2027688766,0.00231159708404,0.00550231579235,0.00301058485378
4.79,hammer,RobotiQ 3-Finger Adaptive Gripper[reflex:distal_pad_3],7,0.0892862275029,0.012480512266,0.245784504576,-0.288030868724,-0.941665902315,-0.141876486068,-24.3833370838,-32.71912613,11.7291208544,0.00208868605664,0.00474626393242,0.00104282949283
4.8,hammer,RobotiQ 3-Finger Adaptive Gripper[reflex:distal_pad_2],14,0.103645643891,0.0323682241384,0.242624269302,0.267287602104,0.90507070773,0.0368722619588,24.8781000446,32.531197362,-21.3701589749,0.0040090028279,0.0172513383568,0.00113393747001
4.8,hammer,RobotiQ 3-Finger Adaptive Gripper[reflex:distal_pad_3],7,0.0892899395226,0.0126772392606,0.245826727843,-0.290681709211,-0.942773567397,-0.124415810837,-24.9653308723,-32.6161583036,11.8145882054,0.00166607894992,0.00346452286083,0.000809690257189
4.81,hammer,RobotiQ 3-Finger Adaptive Gripper[reflex:distal_pad_2],15,0.10361719475,0.0325493881732,0.242596461586,0.255132746106,0.909865596576,0.0467664318466,25.9586221302,32.3020363867,-22.614400106,0.00523905750447,0.0192959691769,0.00156745205506
4.81,hammer,RobotiQ 3-Finger Adaptive Gripper[reflex:distal_pad_3],6,0.0892731066741,0.0128842611539,0.245849701452,-0.290099738225,-0.945175801279,-0.108047956263,-26.1148857977,-33.0229058744,13.277593162,0.00153291229916,0.00213178222802,0.000564823449155
4.82,hammer,RobotiQ 3-Finger Adaptive Gripper[reflex:distal_pad_2],14,0.10332923131,0.0327473539746,0.242621303344,0.280808875093,0.902197430966,0.0344158172571,28.3299126858,32.0784002393,-24.039142075,0.00519979927493,0.0194737402536,0.00202717753537
4.82,hammer,RobotiQ 3-Finger Adaptive Gripper[reflex:distal_pad_3],7,0.0892151072783,0.0131003487982,0.245887480566,-0.279930253648,-0.949719955125,-0.100759211142,-28.3857303785,-33.4318688219,14.7391799777,0.000599081961163,-0.000297272058281,0.00013008077953
4.83,hammer,RobotiQ 3-Finger Adaptive Gripper[reflex:distal_pad_2],13,0.104977222885,0.0321581636896,0.246779514566,0.280952087339,0.899491035181,0.0428097588576,5.90475648856,29.198205984,-21.0718292149,0.0,0.0,0.0
4.83,hammer,RobotiQ 3-Finger Adaptive Gripper[reflex:distal_pad_3],8,0.0910701852494,0.0123730514353,0.249329991853,-0.301376358966,-0.938564624567,-0.136636501486,-27.594413943,-24.2116045124,-25.4399070431,-9.47742342991e-06,-6.06453880814e-06,5.90001544648e-06
4.84,hammer,RobotiQ 3-Finger Adaptive Gripper[reflex:distal_pad_2],12,0.109141484898,0.030713281826,0.255313842079,0.250813978553,0.965838747611,0.0525230931536,7.553437544,26.8220524201,-16.517306273,0.00118598493782,0.00543048933384,0.000275002550655
4.84,hammer,RobotiQ 3-Finger Adaptive Gripper[reflex:distal_pad_3],9,0.0952270449044,0.0108621569225,0.257297916704,-0.306233391499,-0.937954136329,-0.150077862625,-11.5706432935,-31.6903672389,-5.54691965071,0.000450071058091,0.000974163453368,7.50501938703e-05
4.85,hammer,RobotiQ 3-Finger Adaptive Gripper[reflex:distal_pad_2],11,0.114054577471,0.0295719731197,0.264365481694,0.259121947697,0.963259354142,0.0483505785888,22.1367950207,31.9163869786,-17.9843280263,0.00230704248054,0.00729897027824,0.000613305580266
4.85,hammer,RobotiQ 3-Finger Adaptive Gripper[reflex:distal_pad_3],10,0.100337863343,0.00968778337825,0.266155914076,-0.28559255905,-0.947359259009,-0.123550320022,-19.0555887553,-34.7146889922,14.764156799,0.000380515386132,0.00248879699673,-0.000170549144951
4.86,hammer,RobotiQ 3-Finger Adaptive Gripper[reflex:distal_pad_2],12,0.118574384349,0.0288110933074,0.272277743474,0.253928439669,0.965172328843,0.0488474898036,24.394456975,34.8707154666,-7.86612112145,0.00178999472548,0.00528002583347,0.000285351249043
4.86,hammer,RobotiQ 3-Finger Adaptive Gripper[reflex:distal_pad_3],9,0.104916463597,0.0089725717729,0.274094452109,-0.28260647287,-0.949523724584,-0.119092910661,-21.7249414343,-34.4127321447,13.0499733261,0.000513579995575,0.00246353922557,0.000220716345269
4.87,hammer,RobotiQ 3-Finger Adaptive Gripper[reflex:distal_pad_2],14,0.122214352507,0.0281551218865,0.278512331704,0.25977535329,0.962818756895,0.0458141964568,26.1311621103,33.5210041186,-5.45886358919,0.000566002166348,0.00226626461572,-0.000377115504024
4.87,hammer,RobotiQ 3-Finger Adaptive Gripper[reflex:distal_pad_3],7,0.108499013538,0.00839314160875,0.280396260799,-0.271736774213,-0.952584074677,-0.116366664814,-22.6911074855,-35.3477127712,13.1964921463,0.000307001891799,0.00187865201624,3.59084714997e-05
4.88,hammer,RobotiQ 3-Finger Adaptive Gripper[reflex:distal_pad_2],14,0.12466397601,0.0277440909838,0.28302372581,0.248964313132,0.965854683569,0.0462243502644,28.2972902136,33.1522459796,-7.46392614003,0.000668457533069,0.00380146897072,-6.80477189011e-06
4.88,hammer,RobotiQ 3-Finger Adaptive Gripper[reflex:distal_pad_3],7,0.110997464577,0.00803005159053,0.284850994322,-0.291167392576,-0.947824456861,-0.114412671183,-24.4945517475,-34.360331674,12.9766716427,0.000786883662901,0.00298180838512,0.000292753794231
4.89,hammer,RobotiQ 3-Finger Adaptive Gripper[reflex:distal_pad_2],11,0.126276628785,0.0274817481697,0.285894421253,0.24265979443,0.967892825411,0.0449001624378,28.6705233425,33.1883659553,-12.9320680697,0.00280186929618,0.00910105340211,9.17298053561e-05
4.89,hammer,RobotiQ 3-Finger Adaptive Gripper[reflex:distal_pad_3],10,0.1126175677,0.00783871003619,0.287660854661,-0.367261903218,-0.852445304912,-0.0915354449,-24.7313982699,-35.1232671806,15.340265052,0.00360174912068,0.0104077403333,0.00251997888449
4.9,hammer,RobotiQ 3-Finger Adaptive Gripper[reflex:distal_pad_2],13,0.127142046944,0.0273914641697,0.287318574622,0.244789906585,0.967386274091,0.0434568139401,28.6180913826,32.7347093775,-13.5201133446,0.00162334461647,0.00525094637716,-0.00027054443366
4.9,hammer,RobotiQ 3-Finger Adaptive Gripper[reflex:distal_pad_3],8,0.113438910109,0.00781261934566,0.289196147071,-0.387510770231,-0.825496324664,-0.101440352676,-25.1134084527,-33.9461684339,12.7301838544,0.000688683919135,0.00162414121905,0.000881069759255
4.91,hammer,RobotiQ 3-Finger Adaptive Gripper[reflex:distal_pad_2],13,0.127493475725,0.0274503508776,0.288033085412,0.242467598425,0.967833169433,0.0446140105442,29.2310415053,32.5108925458,-15.8889244786,0.00322395079275,0.00906476997296,0.000260883504804
4.91,hammer,RobotiQ 3-Finger Adaptive Gripper[reflex:distal_pad_3],8,0.113600717516,0.00796822387402,0.289843894205,-0.374594263018,-0.832013045958,-0.0764327203918,-26.5746543961,-33.6464533088,12.4018176547,0.00116861181684,0.00289259202701,0.00128935961044
4.92,hammer,RobotiQ 3-Finger Adaptive Gripper[reflex:distal_pad_2],12,0.127524816011,0.02761613691,0.288017205088,0.242070481102,0.967842242365,0.0454271643544,28.441500254,32.6015580874,-17.7471750141,0.00289177728904,0.0080197817536,0.000211624272325
4.92,hammer,RobotiQ 3-Finger Adaptive Gripper[reflex:distal_pad_3],9,0.113750265253,0.00811984702117,0.28998629173,-0.446062314588,-0.737778904777,-0.0685421131649,-27.580511749,-32.6242111933,10.6697623275,0.000244544504658,0.00269666517554,0.00212582029189
4.93,hammer,RobotiQ 3-Finger Adaptive Gripper[reflex:distal_pad_2],12,0.127472044627,0.0277857983357,0.287823191124,0.246432202922,0.966788698416,0.0443362161218,26.3508876394,32.619508503,-18.2535725078,0.00328830967218,0.00883073284531,0.000320244447217
4.93,hammer,RobotiQ 3-Finger Adaptive Gripper[reflex:distal_pad_3],9,0.113778577503,0.0082998045844,0.289851683592,-0.364533503925,-0.845493150645,-0.0662260293035,-25.9935081406,-32.097898834,9.79411200197,-0.000249731218684,-0.000357415734558,0.00030345332317
4.94,hammer,RobotiQ 3-Finger Adaptive Gripper[reflex:distal_pad_2],12,0.127325203539,0.0279051103554,0.287503164002,0.243518444941,0.967411970127,0.0450073676464,22.323386271,32.2703527136,-18.4965025637,0.00437727268962,0.0132683934211,-2.87296022232e-05
4.94,hammer,RobotiQ 3-Finger Adaptive Gripper[reflex:distal_pad_3],9,0.113658861478,0.008421904482,0.289635723343,-0.439116060372,-0.742734777085,-0.0552486322755,-22.36772001,-32.0124635327,9.16969762992,0.000211837603285,0.00225627032771,0.000875624114479
4.95,hammer,RobotiQ 3-Finger Adaptive Gripper[reflex:distal_pad_2],14,0.127182357638,0.0279811273987,0.287219841395,0.244437342521,0.967174733786,0.0419210474522,22.5270742214,32.0820194868,-18.9686151051,0.0023016831953,0.00687872774766,0.000189583514111
4.95,hammer,RobotiQ 3-Finger Adaptive Gripper[reflex:distal_pad_3],7,0.113478940373,0.00851674820144,0.289436949873,-0.386092472726,-0.81847456963,-0.0386149873686,-22.6073955491,-32.1056495568,9.18761807608,0.00078728548619,0.00436222457287,0.00137248602716
4.96,hammer,RobotiQ 3-Finger Adaptive Gripper[reflex:distal_pad_2],13,0.127106885849,0.0280265287957,0.287020993556,0.243587945521,0.967466414858,0.0431579407705,20.2890288594,31.9743406778,-19.0335424948,0.0045653699524,0.0141734780139,-0.000199776065809
4.96,hammer,RobotiQ 3-Finger Adaptive Gripper[reflex:distal_pad_3],8,0.11343279843,0.00856312267745,0.28924148208,-0.463384196437,-0.715983230481,-0.0336898955176,-20.6138060892,-32.0494979853,9.06603762482,0.00130905196704,0.00624884432065,0.00197783229293
4.97,hammer,RobotiQ 3-Finger Adaptive Gripper[reflex:distal_pad_2],11,0.126988011331,0.0280748420805,0.286764265607,0.242775437389,0.96825807063,0.0371439689084,21.7558401164,32.0284141605,-18.8322819392,0.00485553084054,0.0167876514679,0.00038984139256
4.97,hammer,RobotiQ 3-Finger Adaptive Gripper[reflex:distal_pad_3],10,0.113410097804,0.00863397167595,0.28910171026,-0.356093228985,-0.858496050887,-0.0515462679283,-22.1726892862,-31.9967431439,8.89614437618,0.00101781441945,0.00228251168761,0.000774201461393
4.98,hammer,RobotiQ 3-Finger Adaptive Gripper[reflex:distal_pad_2],12,0.127003188673,0.0280803597601,0.286758185627,0.254619622164,0.964132983921,0.0379528429676,21.5729872651,31.9347383721,-19.3890742118,0.00319113951378,0.00904363103839,-0.000226485552603
4.98,hammer,RobotiQ 3-Finger Adaptive Gripper[reflex:distal_pad_3],9,0.113159416917,0.00871124318568,0.289177529853,-0.446613655441,-0.739591089212,-0.0556920584638,-21.8423081928,-32.2005632433,9.47608857206,0.00120871996262,0.00638712229673,0.00206285155157
4.99,hammer,RobotiQ 3-Finger Adaptive Gripper[reflex:distal_pad_2],12,0.126955852967,0.028126260997,0.286660000434,0.247976532,0.966601554103,0.0329147008985,23.5821768246,32.0400667389,-19.2982299499,0.00497824987361,0.0154454289921,-0.000227709026132
4.99,hammer,RobotiQ 3-Finger Adaptive Gripper[reflex:distal_pad_3],9,0.113322241057,0.00871794883906,0.28901943747,-0.453548918098,-0.739257326872,-0.0380785030701,-23.6957689394,-32.149420538,9.55417900653,0.000779116235994,0.00391750373492,0.00142350205006
5.0,hammer,RobotiQ 3-Finger Adaptive Gripper[reflex:distal_pad_2],11,0.126918420251,0.0281725586284,0.286622248622,0.245864585014,0.966842175005,0.0372814018324,23.6159695621,32.0732064877,-19.3287008464,0.00463583139287,0.0139716203048,-0.000472189809629
5.0,hammer,RobotiQ 3-Finger Adaptive Gripper[reflex:distal_pad_3],10,0.113328363646,0.00877492204075,0.289009127556,-0.437349760563,-0.760411715117,-0.0416607772158,-23.7287483233,-32.1545809148,9.69635703068,0.000672369870425,0.00289862603777,0.00102704731902
5.01,hammer,RobotiQ 3-Finger Adaptive Gripper[reflex:distal_pad_2],10,0.126890618917,0.0282084088366,0.286548456047,0.252076879417,0.965324506589,0.0321399300084,20.3681610726,31.9940343107,-19.4280368538,0.004807758928,0.0147238783732,-0.000428070812479
5.01,hammer,RobotiQ 3-Finger Adaptive Gripper[reflex:distal_pad_3],10,0.113324540696,0.00882466713733,0.288887656736,-0.438113266717,-0.760205902774,-0.0411320016286,-20.606184673,-32.1369497608,9.87712326823,0.00250800046967,0.00554895042458,0.000909490798947
5.02,hammer,RobotiQ 3-Finger Adaptive Gripper[reflex:distal_pad_2],11,0.126919447997,0.0282527714094,0.286516910149,0.253611106972,0.964869003167,0.0327219711033,21.625773434,32.074266578,-19.3835227392,0.00535616019773,0.0162374745885,-0.000178433719683
5.02,hammer,RobotiQ 3-Finger Adaptive Gripper[reflex:distal_pad_3],10,0.113372853975,0.00887154619452,0.288754249943,-0.447689825196,-0.755850045671,-0.0409560311072,-21.8170142262,-32.1462894653,9.97147589475,0.00872356126907,0.014185246521,0.00216215969749
5.03,hammer,RobotiQ 3-Finger Adaptive Gripper[reflex:distal_pad_2],12,0.126999341872,0.0282614451293,0.286551837482,0.258606356586,0.963626526151,0.0288308610876,21.2444315884,32.0364314294,-19.6422990969,0.00568762461568,0.0186465228653,-0.000423505274938
5.03,hammer,RobotiQ 3-Finger Adaptive Gripper[reflex:distal_pad_3],9,0.113438040712,0.00893180980876,0.288766719041,-0.385618182241,-0.84175307013,-0.0423265455044,-21.4297444816,-32.1869461441,10.1971989925,0.00193370982836,0.00450166143627,0.000421595518919
5.04,hammer,RobotiQ 3-Finger Adaptive Gripper[reflex:distal_pad_2],12,0.127072579272,0.0282806856048,0.286574972044,0.271013469148,0.95979415326,0.0295100024045,19.5405543225,31.9881963997,-19.7229561464,0.00498509531851,0.0150237460688,-0.000164351870031
5.04,hammer,RobotiQ 3-Finger Adaptive Gripper[reflex:distal_pad_3],9,0.113307367141,0.00900996987998,0.288830220759,-0.471591505339,-0.731566173812,-0.0582612057603,-19.7987082852,-32.1217813863,10.180563466,0.00893222189407,0.0154280443447,0.00140811722898
5.05,hammer,RobotiQ 3-Finger Adaptive Gripper[reflex:distal_pad_2],12,0.127023228344,0.0283340536644,0.286394568057,0.266963256053,0.961184448624,0.0342827983891,21.1108104352,32.1472397408,-19.3521686695,9.15556274422e-05,0.00334223295512,-0.000301360077708
5.05,hammer,RobotiQ 3-Finger Adaptive Gripper[reflex:distal_pad_3],9,0.113433377891,0.00901949561528,0.288796829802,-0.538896108803,-0.631390827048,-0.0386262140923,-21.329993656,-32.0459127294,10.0154755768,0.00701831173102,0.0121957653571,0.000341213209016
5.06,hammer,RobotiQ 3-Finger Adaptive Gripper[reflex:distal_pad_2],12,0.126988151037,0.0283552997966,0.286493418515,0.264632028743,0.961846926603,0.0294081952688,21.8367804567,31.9827218047,-19.74585238,0.00446032786996,0.0130190090679,0.000200217218993
5.06,hammer,RobotiQ 3-Finger Adaptive Gripper[reflex:distal_pad_3],9,0.113356558673,0.00907237757122,0.289044289261,-0.38914761065,-0.838708108843,-0.0662700229943,-22.0675584138,-32.2302435398,10.272482878,0.000975674589792,0.00457017701883,0.0010378829821
5.07,hammer,RobotiQ 3-Finger Adaptive Gripper[reflex:distal_pad_2],12,0.127000911538,0.0283822560162,0.286564113024,0.308015557292,0.931497608364,0.0185268279858,23.1351742773,31.3334825342,-23.1611532687,0.00706435515253,0.00685209901495,0.00389798377153
5.07,hammer,RobotiQ 3-Finger Adaptive Gripper[reflex:distal_pad_3],9,0.113330152184,0.00909360072093,0.28906445342,-0.382785794058,-0.838977963633,-0.0627643410585,-23.300302606,-33.0634498855,13.2322389658,0.00276785829028,0.00444878771521,0.00048968175949
5.08,hammer,RobotiQ 3-Finger Adaptive Gripper[reflex:distal_pad_2],12,0.126910047781,0.0285093176874,0.286645835868,0.323601525181,0.883179718029,0.020183853986,20.2200057108,32.1867479629,-21.0280049908,0.00161243980889,0.00430395961433,-6.37963481037e-05
5.08,hammer,RobotiQ 3-Finger Adaptive Gripper[reflex:distal_pad_3],9,0.113345701274,0.0092221128198,0.28901142434,-0.394383152406,-0.836635179103,-0.0588801394619,-20.5073783516,-32.2658891114,11.6410715171,0.00275870417316,0.00397543296199,0.000372690752422
5.09,hammer,RobotiQ 3-Finger Adaptive Gripper[reflex:distal_pad_2],12,0.126948898823,0.0285800376001,0.286505799133,0.308168372457,0.931452424715,0.0200863215156,20.0061443689,32.1114372002,-21.148310281,0.00601109160045,0.00527876371146,0.00339168864001
5.09,hammer,RobotiQ 3-Finger Adaptive Gripper[reflex:distal_pad_3],9,0.113450650554,0.00928827921905,0.289048317335,-0.394237243375,-0.836859564925,-0.0577131471189,-20.1487051351,-32.2822684011,11.7785607588,0.00255312903551,0.00414480034413,0.00078348139175
5.1,hammer,RobotiQ 3-Finger Adaptive Gripper[reflex:distal_pad_2],12,0.126887369687,0.0287002899329,0.286473315476,0.330943308545,0.881100592438,0.0183325406043,20.359630079,32.2270732053,-21.2256155627,0.00228995576801,0.00671051904216,-0.000131319718271
5.1,hammer,RobotiQ 3-Finger Adaptive Gripper[reflex:distal_pad_3],9,0.113447818908,0.00938848636734,0.289081978202,-0.394941322851,-0.836585795608,-0.057754010027,-20.6507545593,-32.2799158985,11.8504600223,0.00272883655935,0.00363427395775,0.000589327469786
5.11,hammer,RobotiQ 3-Finger Adaptive Gripper[reflex:distal_pad_2],12,0.126913820107,0.0287765286286,0.286519798387,0.329231884065,0.881729719824,0.0162489961165,20.3194756862,32.2343656166,-21.3399181869,0.00200431772564,0.00669968354575,-0.000197600492864
5.11,hammer,RobotiQ 3-Finger Adaptive Gripper[reflex:distal_pad_3],9,0.113390939568,0.00951027155343,0.289139068085,-0.396829216453,-0.833416117481,-0.080550372351,-20.5855421343,-32.3086203566,11.9743035174,0.00302019318831,0.00341244146524,0.000468191022218
5.12,hammer,RobotiQ 3-Finger Adaptive Gripper[reflex:distal_pad_2],11,0.126902909828,0.0288534958351,0.286588408915,0.336092915937,0.874125958093,0.0175625047953,20.1350254561,32.2573579975,-21.3625628862,0.00307293759367,0.00498893486485,0.000564828526415
5.12,hammer,RobotiQ 3-Finger Adaptive Gripper[reflex:distal_pad_3],10,0.113401661119,0.00957457243054,0.289121633132,-0.381504582866,-0.849261499703,-0.0487221657756,-20.4573351345,-32.3042607152,12.0037776077,0.00226783584619,0.00286874451598,0.000568756823036
5.13,hammer,RobotiQ 3-Finger Adaptive Gripper[reflex:distal_pad_2],11,0.12688524107,0.0289415314352,0.2864195356,0.323116529348,0.877395817107,0.0333282366313,19.9673329154,32.2404834689,-21.308507511,0.00581018380188,0.00667196545414,0.00174578746648
5.13,hammer,RobotiQ 3-Finger Adaptive Gripper[reflex:distal_pad_3],10,0.113334356857,0.00966059851629,0.289207777416,-0.371062047784,-0.850750719893,-0.0660020603605,-20.2540820032,-32.2962144141,11.9558873469,0.00292721182184,0.00301991333834,6.02276242131e-05
5.14,hammer,RobotiQ 3-Finger Adaptive Gripper[reflex:distal_pad_2],12,0.126865162481,0.0289905218154,0.286614281189,0.333072568645,0.879671028695,0.00392258971425,20.0204377615,32.2814916519,-21.4910633046,0.000671009968332,0.00274553432227,-0.000509249142856
5.14,hammer,RobotiQ 3-Finger Adaptive Gripper[reflex:distal_pad_3],9,0.113271283748,0.00976084014202,0.289241369436,-0.382374231654,-0.839850914398,-0.066822962717,-20.2366337521,-32.3621206671,12.1449796747,0.00382422585462,0.00432902285833,-0.000213232077892
5.15,hammer,RobotiQ 3-Finger Adaptive Gripper[reflex:distal_pad_2],15,0.123770973022,0.02957977987,0.287963918037,0.316769284673,0.897307976436,0.00741334845759,50.8130078421,24.9969241683,-43.3383409811,0.0343139167518,0.0154947040815,0.00425608667612
5.15,hammer,RobotiQ 3-Finger Adaptive Gripper[reflex:distal_pad_3],6,0.109940369945,0.010444706075,0.290285473083,-0.316567624334,-0.944706453513,-0.0553952458295,6.94648188853,-35.4284456725,16.6549624151,0.00188728113907,0.00475389237993,0.000130989394672
5.16,hammer,RobotiQ 3-Finger Adaptive Gripper[reflex:distal_pad_2],15,0.115389414066,0.0313236840323,0.291223058352,0.359087945934,0.839282513991,0.0182880036109,30.747698034,30.8522799318,-19.5049648645,0.00581402334456,-0.00596267587329,0.00490083024669
5.16,hammer,RobotiQ 3-Finger Adaptive Gripper[reflex:distal_pad_3],5,0.101532691008,0.0121964268281,0.293603397877,-0.302045675414,-0.949782738387,-0.0546895655559,-21.8689721156,-32.9071360864,7.25677000765,-0.000978287093852,-0.00521954219458,8.90708867649e-05
5.17,hammer,RobotiQ 3-Finger Adaptive Gripper[reflex:distal_pad_2],15,0.105835898664,0.0333728439992,0.29483084556,0.30589482635,0.901326340274,0.0264444886165,20.4417619612,32.1679159337,-13.0788895947,9.81989459265e-05,-0.00289827443739,0.00178281181593
5.17,hammer,RobotiQ 3-Finger Adaptive Gripper[reflex:distal_pad_3],6,0.0920137894447,0.0142170082299,0.296998002261,-0.32560599646,-0.941109100674,-0.0643992009488,-31.7635474349,-33.0601190864,6.87724931148,0.00190595667904,0.00437746322266,6.88173543678e-05
5.18,hammer,RobotiQ 3-Finger Adaptive Gripper[reflex:distal_pad_2],14,0.0969699796027,0.0353035003477,0.298120754169,0.372642820283,0.827270413631,0.0195460608889,22.1072606626,34.6709171948,-3.66242248176,0.0085944186883,0.0152520773493,0.00577124656711
5.18,hammer,RobotiQ 3-Finger Adaptive Gripper[reflex:distal_pad_3],7,0.083124281375,0.0161123185762,0.300389377247,-0.4077014552,-0.811121844323,-0.0567835965396,-50.765429439,-31.0448174694,-0.269637950833,0.0268679381748,0.00885555222506,0.0109097178208
5.19,hammer,RobotiQ 3-Finger Adaptive Gripper[reflex:distal_pad_2],15,0.089860980043,0.0368600109722,0.300550056279,0.311933421329,0.898322894644,0.0117018430919,18.4729739474,34.8402161298,-2.44266303253,0.00700423925389,0.0162938222988,0.00376447497221
5.19,hammer,RobotiQ 3-Finger Adaptive Gripper[reflex:distal_pad_3],6,0.0762232092826,0.017588224926,0.302784729748,-0.422390756435,-0.789608066077,-0.0344133115033,-48.517956225,-30.6500537787,-1.28069076072,0.0205213035556,0.00958446280061,0.00738436618919
5.2,hammer,RobotiQ 3-Finger Adaptive Gripper[reflex:distal_pad_2],15,0.0848779138459,0.0379578831825,0.30225019601,0.315509373242,0.897768352734,0.0190770267238,15.6603863968,34.382995269,-4.03157061031,0.00605177757593,0.0160533909783,0.00194147004591
5.2,hammer,RobotiQ 3-Finger Adaptive Gripper[reflex:distal_pad_3],6,0.0712608925178,0.0186314212051,0.304463801752,-0.411582720162,-0.793269531603,-0.0303206658018,-41.4467676522,-30.7797905728,-0.40989131569,0.0134107267025,0.00954781595634,0.00599395015039
5.21,hammer,RobotiQ 3-Finger Adaptive Gripper[reflex:distal_pad_2],14,0.0817482506229,0.0386731662142,0.303253736767,0.319057198198,0.893199609594,0.0248135023192,14.194381776,34.7500553651,-9.59533419734,0.00532461812886,0.0128814782148,0.00149492332222
5.21,hammer,RobotiQ 3-Finger Adaptive Gripper[reflex:distal_pad_3],7,0.0681017874841,0.0193174907191,0.305460545507,-0.384146419003,-0.859272407724,-0.0226103240736,-33.4354292004,-32.2615764363,3.97663167983,0.0164291346503,0.0116915840126,0.00767823806813
5.22,hammer,RobotiQ 3-Finger Adaptive Gripper[reflex:distal_pad_2],14,0.0799437645214,0.0390812606207,0.303823330611,0.310300504256,0.895413005266,0.0228158377937,13.755726684,33.8888810097,-12.2782342169,0.00521285351441,0.00894559580771,0.00267767740618
5.22,hammer,RobotiQ 3-Finger Adaptive Gripper[reflex:distal_pad_3],7,0.0665320839153,0.0196336874631,0.305931727182,-0.41612581427,-0.842748489291,-0.0394877652306,-26.3500170109,-32.606843219,5.50321922739,0.0146734859141,0.0141043009086,0.00550571236569
5.23,hammer,RobotiQ 3-Finger Adaptive Gripper[reflex:distal_pad_2],13,0.0792589394936,0.0392542703247,0.303981575993,0.321706380725,0.887865491584,0.0271006434626,13.9855046415,32.6463873614,-16.4743337864,0.00589512490615,0.00618527565401,0.0031221683617
5.23,hammer,RobotiQ 3-Finger Adaptive Gripper[reflex:distal_pad_3],8,0.0660453637639,0.0197609931198,0.306014875704,-0.38922927233,-0.830040768904,-0.0416820358006,-21.068305595,-31.6919803977,8.71871801056,0.0113623088553,0.00598325120105,0.00148435973344
5.24,hammer,RobotiQ 3-Finger Adaptive Gripper[reflex:distal_pad_2],12,0.0791873723029,0.039267590192,0.304032374493,0.323725022046,0.882491837936,0.0223869603719,14.8199841192,31.9951082024,-18.9031720876,0.00563499566994,0.00671209414005,0.00239895799127
5.24,hammer,RobotiQ 3-Finger Adaptive Gripper[reflex:distal_pad_3],9,0.0657724947512,0.0198238212842,0.306124325491,-0.31281654921,-0.939362658464,-0.0595622200224,-17.2954577073,-31.9845525271,9.88919188322,0.00555690657469,0.00958799477748,0.00206408603681
5.25,hammer,RobotiQ 3-Finger Adaptive Gripper[reflex:distal_pad_2],13,0.0794059400045,0.0392682356867,0.303946365844,0.327267654756,0.88610613876,0.0217652018777,16.9649008378,31.9529413964,-19.1552904939,0.0037262630572,0.00834554897905,0.000877537327349
5.25,hammer,RobotiQ 3-Finger Adaptive Gripper[reflex:distal_pad_3],8,0.0661141700227,0.0198159895974,0.306020523559,-0.328423691434,-0.932904449444,-0.0536448114309,-18.0846211994,-31.976800456,9.93663881352,0.00519987362286,0.00873295183658,0.000385083418369
5.26,hammer,RobotiQ 3-Finger Adaptive Gripper[reflex:distal_pad_2],13,0.0797019802545,0.0392682902,0.303886292471,0.328259812577,0.885782792313,0.0225916377206,20.2869723008,31.9710065373,-19.0975630969,0.00816120016778,0.00754003882594,0.00377428835806
5.26,hammer,RobotiQ 3-Finger Adaptive Gripper[reflex:distal_pad_3],8,0.0664195791114,0.0198149267073,0.305966289962,-0.393819225884,-0.828573939557,-0.0432717667511,-20.5805460822,-31.9627318403,9.76769520021,0.0113502102351,0.00976683173129,0.00155193919577
5.27,hammer,RobotiQ 3-Finger Adaptive Gripper[reflex:distal_pad_2],13,0.080006189399,0.0392626384618,0.303882142955,0.318416611728,0.888759646227,0.0277676960007,18.2022520159,31.1003892788,-16.9434153047,0.00618707172462,0.00842655944781,0.00264119664436
5.27,hammer,RobotiQ 3-Finger Adaptive Gripper[reflex:distal_pad_3],8,0.0667022987014,0.0198190562508,0.30593228639,-0.302925160369,-0.948135120175,-0.0562278504929,-18.1066778267,-31.1262269752,7.57411017633,0.00223668171706,0.00375934624566,0.000658998470369
5.28,hammer,RobotiQ 3-Finger Adaptive Gripper[reflex:distal_pad_2],13,0.0802851557388,0.0392463915495,0.303848343278,0.339380264281,0.881779274842,0.00680584860118,22.673227103,31.8068838817,-13.3048731828,0.00643386782171,0.0102839325062,0.00193498432131
5.28,hammer,RobotiQ 3-Finger Adaptive Gripper[reflex:distal_pad_3],8,0.0667283612003,0.0198807084136,0.306193203663,-0.305366852238,-0.945850151712,-0.0601333243217,-22.3043940913,-31.7568556465,3.92242229271,0.00253440142224,0.00523970090553,0.00122480788889
5.29,hammer,RobotiQ 3-Finger Adaptive Gripper[reflex:distal_pad_2],13,0.0803810714449,0.0392675673296,0.303823235439,0.327463380308,0.885328336829,0.0124642904002,20.6215423731,31.7916161119,-13.2028290308,0.00675789175755,0.00876831259271,0.00219414437714
5.29,hammer,RobotiQ 3-Finger Adaptive Gripper[reflex:distal_pad_3],8,0.0670453562304,0.0198072300977,0.306019233241,-0.307875637838,-0.944968197389,-0.0566619760023,-20.3028009701,-31.747471916,3.8408363981,0.00291988795103,0.00614691104411,0.00134571003606
5.3,hammer,RobotiQ 3-Finger Adaptive Gripper[reflex:distal_pad_2],13,0.0805679822983,0.0392398710534,0.303714321855,0.333481850189,0.884258083035,0.0263497035379,18.1271156458,31.7535919437,-12.9853836356,0.00941775945441,0.0143207476432,0.0027168111378
5.3,hammer,RobotiQ 3-Finger Adaptive Gripper[reflex:distal_pad_3],8,0.06717032917,0.0197991168073,0.306003109464,-0.308332988728,-0.944739210299,-0.0572608231792,-17.9982239698,-31.6976584961,3.64326265073,0.00316831083921,0.00687001182757,0.00158395660113
5.31,hammer,RobotiQ 3-Finger Adaptive Gripper[reflex:distal_pad_2],12,0.080588305749,0.0392495161138,0.30371677585,0.271382437441,0.957654859091,0.0158390173169,20.0659464748,31.8009897626,-12.9629773295,0.00385848318312,0.00839249692293,0.000914994819476
5.31,hammer,RobotiQ 3-Finger Adaptive Gripper[reflex:distal_pad_3],9,0.0671662922778,0.0198238871249,0.306005995661,-0.300771330752,-0.949360425125,-0.0360126529759,-20.0438001953,-31.6936840902,3.64271642984,0.00262745442778,0.00608921079168,0.000838568375484
5.32,hammer,RobotiQ 3-Finger Adaptive Gripper[reflex:distal_pad_2],13,0.0807091990511,0.0392008420008,0.30366990549,0.289374923426,0.952197005313,0.0128428989248,17.9117392507,31.7373185053,-12.7910479024,0.00508886163793,0.0119120577753,0.000755624981261
5.32,hammer,RobotiQ 3-Finger Adaptive Gripper[reflex:distal_pad_3],8,0.0672343611481,0.0198017529995,0.306026225248,-0.312045294165,-0.943266999061,-0.0676150984408,-18.0202373025,-31.6798493855,3.49944449543,0.00283942423083,0.00623566034133,0.00113420752887
5.33,hammer,RobotiQ 3-Finger Adaptive Gripper[reflex:distal_pad_2],13,0.0806781518443,0.0391992185758,0.303684475359,0.328611235124,0.882218366301,0.0544269820097,20.2979766468,31.7630879426,-12.7095937596,0.00779653149103,0.0128808524088,0.0020382481468
5.33,hammer,RobotiQ 3-Finger Adaptive Gripper[reflex:distal_pad_3],8,0.0673907196996,0.0197557450899,0.305800555589,-0.321075183573,-0.941778740561,-0.0684052554864,-20.4353807627,-31.6620031059,3.45773819901,0.00272980177167,0.00456388005653,0.000739499796364
5.34,hammer,RobotiQ 3-Finger Adaptive Gripper[reflex:distal_pad_2],14,0.0806538516873,0.039192318532,0.303788569765,0.321162287435,0.887077266558,0.0384776161183,21.1798481064,31.7748511116,-12.6852385062,0.00694232723669,0.0101596634496,0.00248090138062
5.34,hammer,RobotiQ 3-Finger Adaptive Gripper[reflex:distal_pad_3],7,0.067398210701,0.0197300724768,0.305764846438,-0.327870461378,-0.939638914969,-0.0637180901302,-21.4194603078,-31.6581785856,3.44038529329,0.00279598692157,0.00497591096047,0.000212780442758
5.35,hammer,RobotiQ 3-Finger Adaptive Gripper[reflex:distal_pad_2],13,0.0805484377667,0.039197720496,0.303657677658,0.332888564843,0.879224402468,0.0372937119186,21.2366443195,31.7869900221,-12.4399716434,0.00801155801892,0.0124263603429,0.00227370263116
5.35,hammer,RobotiQ 3-Finger Adaptive Gripper[reflex:distal_pad_3],8,0.0672314123552,0.0197521976117,0.305988726357,-0.311618010362,-0.942616343658,-0.0793096194777,-21.4864007403,-31.6667050411,3.19832865084,0.00317584622021,0.00664836995325,0.00134924181556
5.36,hammer,RobotiQ 3-Finger Adaptive Gripper[reflex:distal_pad_2],13,0.0807156677984,0.0391147387551,0.303696847102,0.337790994458,0.878340472227,0.0537813973444,20.1339667767,31.7637653558,-12.2803850891,0.0092269049275,0.0146421343385,0.0025316231424
5.36,hammer,RobotiQ 3-Finger Adaptive Gripper[reflex:distal_pad_3],8,0.0672450333266,0.0197219245509,0.305965962575,-0.310493959734,-0.943435641318,-0.0613007816745,-20.4737978033,-31.6168025663,3.02323895436,0.00348924239594,0.00670277692457,0.00115387645229
5.37,hammer,RobotiQ 3-Finger Adaptive Gripper[reflex:distal_pad_2],12,0.0806711954089,0.0390975553839,0.303687988327,0.340554125265,0.873591910281,0.0563881713553,20.4388497337,31.7806489696,-12.2172836403,0.00805955623872,0.0137770260913,0.00235894391777
5.37,hammer,RobotiQ 3-Finger Adaptive Gripper[reflex:distal_pad_3],9,0.0671899607507,0.0197007907091,0.306052554033,-0.30512924272,-0.945766954025,-0.0529817530558,-20.7037717488,-31.6695966812,2.97913138395,0.00321792034194,0.00683189426327,0.00183389607574
5.38,hammer,RobotiQ 3-Finger Adaptive Gripper[reflex:distal_pad_2],12,0.0806106323792,0.0390885496157,0.303638495975,0.289617181993,0.947257415282,0.0378569329937,20.5709140209,31.7613556026,-12.1153880376,0.00608097762273,0.013734499736,0.000817799048619
5.38,hammer,RobotiQ 3-Finger Adaptive Gripper[reflex:distal_pad_3],9,0.0672548416792,0.0196627817816,0.30594152831,-0.288563011289,-0.951537277664,-0.0630693299556,-20.833746219,-31.6399995542,2.88357650397,0.00231465017103,0.00529882105947,0.00086004062013
5.39,hammer,RobotiQ 3-Finger Adaptive Gripper[reflex:distal_pad_2],12,0.080613246399,0.0390566221468,0.30364551776,0.290002390704,0.947089018201,0.0388046553895,20.6001767747,31.7580578003,-11.9989543798,0.00602795022666,0.0137484139383,0.000770207699028
5.39,hammer,RobotiQ 3-Finger Adaptive Gripper[reflex:distal_pad_3],9,0.0672084984406,0.019633929146,0.305956889489,-0.30725443372,-0.944758914561,-0.0514363370292,-20.8640177221,-31.6335941656,2.77005039813,0.00223263180016,0.00507407220971,0.00132627287762
5.4,hammer,RobotiQ 3-Finger Adaptive Gripper[reflex:distal_pad_2],12,0.0807509034575,0.0389770336081,0.303664926315,0.289896699221,0.948841379222,0.0618993589652,19.2813107572,31.7311606533,-11.8541012218,0.00591079206835,0.015936314899,0.000444517285728
5.4,hammer,RobotiQ 3-Finger Adaptive Gripper[reflex:distal_pad_3],9,0.0672072612619,0.0196013947497,0.305946062479,-0.307542352532,-0.944582789544,-0.0518825392981,-19.6081329452,-31.6185212331,2.62823793691,0.0022382643608,0.00567355936167,0.00179625857461
5.41,hammer,RobotiQ 3-Finger Adaptive Gripper[reflex:distal_pad_2],12,0.0806034770238,0.0389975117734,0.303552291492,0.296948572467,0.944581292101,0.039170635659,20.6867966195,31.7320990413,-11.6978483474,0.00564257003978,0.0127086202211,0.000565430582558
5.41,hammer,RobotiQ 3-Finger Adaptive Gripper[reflex:distal_pad_3],9,0.0672162250859,0.0195608782864,0.305932286434,-0.30753097433,-0.944621161982,-0.0512980751813,-20.9466988569,-31.5987621738,2.47571581269,0.00218118368667,0.00511121860042,0.00149123647112
5.42,hammer,RobotiQ 3-Finger Adaptive Gripper[reflex:distal_pad_2],13,0.0806405178592,0.0389346442467,0.303668089228,0.303159996751,0.943507804965,0.0390396813149,20.3609112876,31.7113639884,-11.6651801208,0.00539773842564,0.0125724124772,0.000455074777046
5.42,hammer,RobotiQ 3-Finger Adaptive Gripper[reflex:distal_pad_3],8,0.0673932281391,0.0195010954124,0.305793995671,-0.324866527102,-0.939209155195,-0.0669107546349,-20.621071489,-31.580509531,2.44512601494,0.00219583344827,0.0042031633465,0.000750356298254
5.43,hammer,RobotiQ 3-Finger Adaptive Gripper[reflex:distal_pad_2],12,0.0806502891471,0.0389082659274,0.303655585186,0.286644004474,0.948714608525,0.0625735446834,20.5409484689,31.7299101039,-11.5358006694,0.00582037520132,0.0137808433049,0.000773151342387
5.43,hammer,RobotiQ 3-Finger Adaptive Gripper[reflex:distal_pad_3],9,0.0671611292233,0.0195183043409,0.305852946508,-0.309198594705,-0.944014933797,-0.0473932613593,-20.8047379168,-31.5933504747,2.32064001797,0.00247279752258,0.00493564449752,0.00152548435818
5.44,hammer,RobotiQ 3-Finger Adaptive Gripper[reflex:distal_pad_2],12,0.0806762730943,0.0388691559272,0.30359988442,0.299591205616,0.9437929553,0.0410012414912,20.9020022124,31.7309470067,-11.3676264558,0.00502035560735,0.0106893500025,0.000707925927905
5.44,hammer,RobotiQ 3-Finger Adaptive Gripper[reflex:distal_pad_3],9,0.0671720604615,0.0194745018309,0.305894648136,-0.307834162095,-0.944172954226,-0.0533243970209,-21.1653395785,-31.5878151816,2.15418678968,0.00283759889129,0.00594064373888,0.00130197079246
5.45,hammer,RobotiQ 3-Finger Adaptive Gripper[reflex:distal_pad_2],12,0.0806955812456,0.0388114611333,0.303662822655,0.302910280703,0.944015406695,0.0503409923881,20.9256246202,31.7408146435,-11.2242268746,0.0044069441077,0.00979593766433,0.000518971923686
5.45,hammer,RobotiQ 3-Finger Adaptive Gripper[reflex:distal_pad_3],9,0.067292257322,0.0193979730361,0.305859088026,-0.318961023625,-0.94138395705,-0.0596768004446,-21.1927995196,-31.5746227817,2.0045029729,0.00239570936164,0.00536181931631,0.00121854323053
5.46,hammer,RobotiQ 3-Finger Adaptive Gripper[reflex:distal_pad_2],12,0.0806375574976,0.0387872846812,0.303674046469,0.304993828693,0.942221512306,0.041296524454,20.8399572196,31.73931461,-11.1008122151,0.00476571028665,0.0105534206543,0.000585086225156
5.46,hammer,RobotiQ 3-Finger Adaptive Gripper[reflex:distal_pad_3],9,0.0672649509342,0.0193482208037,0.305938658397,-0.307955666969,-0.943245826444,-0.0721519528802,-21.1010390667,-31.5995683974,1.89478022275,0.00202114008568,0.00518226804468,0.00134285394743
5.47,hammer,RobotiQ 3-Finger Adaptive Gripper[reflex:distal_pad_2],14,0.0818578255677,0.0369011578943,0.302664257277,0.279620754975,0.949903285428,0.0784054996149,-0.687522005612,49.5710947544,24.8348845288,0.00169053551525,0.0111421497368,0.000875437339602
5.47,hammer,RobotiQ 3-Finger Adaptive Gripper[reflex:distal_pad_3],7,0.0686828660962,0.0171895717213,0.306202390157,-0.302912554899,-0.943862330662,-0.0830433759795,-19.7240567051,-17.4689937363,-18.795461919,-9.69723953151e-16,1.09490509465e-15,0.0
5.48,hammer,RobotiQ 3-Finger Adaptive Gripper[reflex:distal_pad_2],17,0.0850704443954,0.0310024445242,0.3008318724,0.278996632758,0.953481303428,0.0838056241422,5.31835497098,36.2343293394,0.314958771964,0.000520597586824,0.00268030540936,-0.00035997573427
5.48,hammer,RobotiQ 3-Finger Adaptive Gripper[reflex:distal_pad_3],4,0.0720282094397,0.0110326437084,0.305872371181,-0.315934833854,-0.938718549225,-0.125376163859,-10.435230899,-8.8530685569,-8.61307953619,0.000689017968346,0.002592644502,0.000631663098515
5.49,hammer,RobotiQ 3-Finger Adaptive Gripper[reflex:distal_pad_2],15,0.0886506402788,0.0223591893599,0.298871886709,0.275415182744,0.953545587395,0.096311485614,16.4926099808,20.0431156267,-14.3834217941,0.00131688833725,0.00189465779296,0.000228820761463
5.49,hammer,RobotiQ 3-Finger Adaptive Gripper[reflex:distal_pad_3],5,0.075894129991,0.00229035435063,0.303954331829,-0.347716800865,-0.927678678798,-0.112000601773,-10.6666210693,-11.3205636952,3.71142403553,-6.24113955795e-05,-0.000337331729461,1.77185996204e-06
5.5,hammer,RobotiQ 3-Finger Adaptive Gripper[reflex:distal_pad_2],7,0.0918216106755,0.013136505122,0.297736269565,0.257936570159,0.958431214029,0.10939607577,8.74691067085,8.99656599848,-4.85890572201,0.000734168715187,0.00222870931247,0.000169731558806
5.5,hammer,RobotiQ 3-Finger Adaptive Gripper[reflex:distal_pad_3],5,0.0791909983044,-0.00690467189415,0.302135816032,-0.324677446657,-0.935303163269,-0.0994564149476,-5.86871240083,-12.9326655401,1.88445653199,0.000573845501208,0.002168502264,0.000295554999433
5.51,hammer,RobotiQ 3-Finger Adaptive Gripper[reflex:distal_pad_2],7,0.0948389682129,0.00410390072291,0.297155179042,0.276882151365,0.953394066122,0.100657162878,2.47558991649,1.99382503823,-1.45131876564,0.0,0.0,0.0
5.51,hammer,RobotiQ 3-Finger Adaptive Gripper[reflex:distal_pad_3],4,0.0815903710093,-0.0156112058269,0.300344382244,-0.354822257519,-0.925419126976,-0.113801853605,3.69467773646,-9.94092030042,-7.62190636159,2.97760608453e-05,-0.000214071261154,8.84861688984e-05
5.52,hammer,RobotiQ 3-Finger Adaptive Gripper[reflex:distal_pad_3],4,0.0836323030672,-0.0235379330384,0.298917623362,-0.351415972102,-0.923575441174,-0.0877582765974,3.17338387366,-8.70101561021,-7.01526039751,0.0,0.0,0.0
5.53,hammer,RobotiQ 3-Finger Adaptive Gripper[reflex:distal_pad_3],4,0.0847000543623,-0.0301246489129,0.298215429469,-0.507633334981,-0.844248134109,-0.088497556833,3.49621592758,-9.79845485241,-7.55733261933,0.0,0.0,0.0
5.54,hammer,RobotiQ 3-Finger Adaptive Gripper[reflex:distal_pad_3],2,0.0852365669843,-0.0353006483737,0.296216194467,-0.655710516725,-0.743805954595,0.0448733240284,0.957623577156,-6.2160322651,-5.09161135783,0.0,0.0,0.0
5.64,floor,hammer,9,0.0920706997348,-0.0143424985204,-0.000213840573322,0.0,0.0,-0.999079432752,0.0,0.0,0.0,0.0,0.0,0.0
5.65,floor,hammer,7,0.091916843736,-0.0144144990683,-0.000154736745786,0.0,0.0,-0.998816413539,0.169884946608,-0.650261184193,8.61254183115,-1.56211968652e-05,-2.16995868825e-05,-0.000404781945444
5.66,floor,hammer,7,0.0918818356098,-0.0144119675646,-0.000130827656306,0.0,0.0,-0.998816413539,0.221257335018,-0.667122746494,8.55907757986,-1.07180469813e-05,-1.58355784478e-05,-0.000381085612577
5.67,floor,hammer,6,0.0918676597378,-0.0146588708401,-0.00012642660032,0.0,0.0,-0.998725265265,0.279485350556,-0.678302303902,8.49948367244,-6.12724860473e-06,-9.80705181824e-06,-0.00035330863602
5.68,floor,hammer,6,0.0923043253796,-0.0163367987613,-0.000103370664575,0.0,0.0,-0.997344414393,0.308937491544,-0.683653300676,8.45481948012,-3.06789393375e-06,-3.50515807484e-06,-0.000328569037301
5.69,floor,hammer,6,0.0922470280164,-0.0163422174299,-7.64546224888e-05,0.0,0.0,-0.999309574564,0.379664196943,-0.686406615945,8.38586458422,9.68633611567e-07,1.08831727199e-06,-0.000289921255187
5.7,floor,hammer,5,0.0921404573254,-0.016553097583,-6.89766128966e-05,0.0,0.0,-0.999171489477,0.458808230305,-0.680504518913,8.31730414429,4.30054625227e-06,4.68982663844e-06,-0.000251480572816
5.71,floor,hammer,5,0.0920837256743,-0.0165655862743,-4.65264822636e-05,0.0,0.0,-0.999171489477,0.546739476155,-0.663990881835,8.24709829778,6.76312104168e-06,7.09067457601e-06,-0.000209981208603
5.72,floor,hammer,4,0.092046898482,-0.0168579340568,-3.74297897295e-05,0.0,0.0,-0.996893085539,0.643616514358,-0.635022568758,8.17639177205,8.78500916717e-06,6.74297383327e-06,-0.000165692547645
5.73,floor,hammer,3,0.0710805182337,-0.0275118263719,-4.65697690858e-06,0.0,0.0,-0.996069679658,-2.21359084909,3.41482534048,8.63509569712,0.0,0.0,0.0
5.74,floor,hammer,1,0.0717566206233,-0.028966006207,-1.26121401354e-05,0.0,0.0,-0.996494144201,0.447729607696,-0.264694666763,8.5856962812,0.0,0.0,0.0
5.75,floor,hammer,1,0.0717511791546,-0.0289673564884,-2.21796357736e-05,0.0,0.0,-0.996494144201,0.481892740904,-0.24305356931,8.55363365217,0.0,0.0,0.0
5.76,floor,hammer,1,0.0361669661467,-0.0514250009839,-2.73691296443e-05,0.0,0.0,-0.995521679521,-3.63639049451,3.6527486737,9.12845801478,1.23759938987e-20,1.23205702317e-20,0.0
5.77,floor,hammer,1,0.0362171126309,-0.052008456205,-3.77993240843e-05,0.0,0.0,-0.995521679521,0.345053900665,3.42727177307,8.7604422587,0.0,0.0,0.0
5.78,floor,hammer,1,0.0362154192295,-0.0521390052519,-4.79122698125e-05,0.0,0.0,-0.995521679521,0.294011421874,-0.553464204781,8.87469474738,0.0,0.0,0.0
5.79,floor,hammer,2,0.0183882990506,-0.0673889696793,-2.47692879379e-05,0.0,0.0,-0.995857447386,0.753464985233,3.40408809551,8.61301584988,4.8912819133e-07,-1.53359586028e-05,-0.000120718502654
5.8,floor,hammer,3,0.0189659321925,-0.0680751681992,-1.30636920435e-05,0.0,0.0,-0.998619149129,0.850140302005,-0.901049490928,8.55393786938,0.0,0.0,0.0
5.81,floor,hammer,3,0.019528896416,-0.0687374428731,-8.45856243404e-06,0.0,0.0,-0.997450530529,0.911522458836,-0.831911911577,8.53015833335,-4.23987681805e-06,-6.39927361226e-06,-0.000229772238742
5.82,floor,hammer,2,0.0200827269678,-0.0694092203049,-1.57955787345e-05,0.0,0.0,-0.997928723693,0.958066750542,-0.758879005997,8.51366140551,-3.43308382446e-07,-3.01468266384e-06,-0.000234059489318
5.83,floor,hammer,2,0.020079579038,-0.0694061805152,-2.02220904205e-05,0.0,0.0,-0.997928723693,0.997310849046,-0.689872283457,8.49829354086,6.58039092698e-07,3.29281680567e-06,-0.000242805256543
5.84,floor,hammer,2,0.0200766343836,-0.0694037610332,-2.45308223065e-05,0.0,0.0,-0.997928723693,1.03006293812,-0.625446726046,8.48280589495,4.62586300196e-06,6.57460386573e-06,-0.00024977302232
5.85,floor,hammer,3,0.0199606710444,-0.069520134081,-1.92306844631e-05,0.0,0.0,-0.998619149129,0.919613644149,-0.278799483119,8.88343603519,-3.40584730883e-05,-3.01143812249e-05,-0.00040259840235
5.86,floor,hammer,3,0.0199568939604,-0.0695168433923,-2.06893276678e-05,0.0,0.0,-0.998619149129,1.08806215747,-0.516789884753,8.44107411641,-2.40699339782e-05,-2.18641629722e-05,-0.000342833596842
5.87,floor,hammer,3,0.0199536508451,-0.0695143597318,-2.21887782203e-05,0.0,0.0,-0.998619149129,1.10597440656,-0.467553070917,8.41938456728,-2.04722547815e-05,-1.86214559813e-05,-0.00035392659286
5.88,floor,hammer,3,0.0199509949088,-0.0695126196388,-2.37687789633e-05,0.0,0.0,-0.998619149129,1.11989424228,-0.42380382735,8.39391706317,-1.69094514848e-05,-1.5625250208e-05,-0.000366352647915
5.89,floor,hammer,3,0.0199489733539,-0.0695115621669,-2.54328128279e-05,0.0,0.0,-0.998619149129,1.13019387576,-0.385492553903,8.36381571934,-1.34209299876e-05,-1.28572095364e-05,-0.000380198323247
5.9,floor,hammer,3,0.0199476283223,-0.0695111296337,-2.7182652677e-05,0.0,0.0,-0.998619149129,1.13709632205,-0.352505644238,8.32823943979,-1.00586285289e-05,-1.03140013111e-05,-0.000395586229489
5.91,floor,hammer,3,0.0199469975897,-0.0695112678707,-2.90187708096e-05,0.0,0.0,-0.998619149129,1.1408664641,-0.324759776327,8.28815142814,-6.96306018033e-06,-8.15297326539e-06,-0.000410701627314
5.92,floor,hammer,3,0.019947098846,-0.0695119232699,-3.08216506279e-05,0.0,0.0,-0.998619149129,1.13359785552,-0.300658566507,8.24120821273,3.71447638884e-06,-2.4856325661e-06,0.000654332316036
5.93,floor,hammer,4,0.0207980923222,-0.0705170783472,-2.21911957918e-05,0.0,0.0,-0.998964361846,1.2158568714,-0.310952443677,8.84306805526,5.34515066973e-06,4.00836779106e-06,0.000646024317245
5.94,floor,hammer,4,0.0208014671276,-0.0705143485717,-4.71388626922e-06,0.0,0.0,-0.99601662159,1.12059409734,-0.227754010965,8.16659707,2.54436153119e-06,2.29848586755e-06,0.000598570758863
5.95,floor,hammer,2,0.0217564140746,-0.0714014802451,-1.06833882411e-05,0.0,0.0,-0.997928723693,1.11106682441,-0.215808632859,8.09656163226,3.51805458887e-06,-8.83517674594e-07,0.000574786441081
5.96,floor,hammer,2,0.0217568670538,-0.0714010330477,-1.460431317e-05,0.0,0.0,-0.997928723693,1.09581093296,-0.211444376189,8.01417963201,3.22322171686e-06,-1.05881301127e-06,0.00053611466339
5.97,floor,hammer,2,0.0217574997308,-0.0714002729262,-1.81889791719e-05,0.0,0.0,-0.997928723693,1.07391062666,-0.210521795938,7.92083629719,3.86846555888e-06,-5.54561570909e-07,0.000493139854224
5.98,floor,hammer,2,0.021758377748,-0.0713991773141,-2.14145132867e-05,0.0,0.0,-0.997928723693,1.04367605361,-0.212717408528,7.81586476121,5.22612197258e-06,4.9944899498e-07,0.000445565835974
5.99,floor,hammer,2,0.0217595795072,-0.0713977225903,-2.42578575004e-05,0.0,0.0,-0.997928723693,1.00303007039,-0.217668256738,7.69872463278,6.98009372983e-06,1.92864990686e-06,0.000393055802879
6.0,floor,hammer,2,0.0217611982729,-0.071395884289,-2.66966062959e-05,0.0,0.0,-0.997928723693,0.949467142094,-0.224956983017,7.56907095027,8.71473056589e-06,3.49821223365e-06,0.000335220121337
6.01,floor,hammer,3,0.0223614956201,-0.0720281212131,-1.96302941589e-05,0.0,0.0,-0.998619149129,4.16402449832,2.09403624218,12.1133882543,-4.43429422467e-22,-4.20258761901e-17,7.2651476577e-18
6.02,floor,hammer,1,0.0235621632375,-0.0732964775891,-1.01325656417e-05,0.0,0.0,-0.995857447386,0.817973373172,-0.220433358388,7.32420867667,0.0,0.0,0.0
6.03,floor,hammer,1,0.0235673228311,-0.0732956234785,-1.72792351245e-05,0.0,0.0,-0.995857447386,0.714269863155,-0.233598945518,7.15672092701,0.0,0.0,0.0
6.04,floor,hammer,2,0.0237066961456,-0.0731991393236,-1.20824857383e-05,0.0,0.0,-0.997928723693,0.582010972877,-0.244326301068,7.02070135377,-5.97700528064e-06,-3.8282642403e-06,0.000109025215838
6.05,floor,hammer,2,0.0237114026749,-0.0731946993491,-1.2863995932e-05,0.0,0.0,-0.997928723693,0.414798601221,-0.254604777873,6.80061953551,-3.3348335871e-07,-1.01041188637e-07,9.22420875701e-06
6.06,floor,hammer,2,0.0237174238573,-0.0731897495185,-1.28536657574e-05,0.0,0.0,-0.995857447386,0.216922990524,-0.264753199789,6.61225492705,0.0,0.0,0.0
6.07,floor,hammer,2,0.0237250228879,-0.0731842722078,-1.14578278485e-05,0.0,0.0,-0.997928723693,-0.0232894041601,-0.271884966449,6.42668958018,0.0,2.22970585751e-17,9.4329046813e-19
6.08,floor,hammer,2,0.0245212584798,-0.0742383923499,-7.84753130035e-06,0.0,0.0,-0.997928723693,-0.256148292673,-0.275577477156,6.31277498406,-2.33423202673e-22,2.16966043277e-22,0.0
6.09,floor,hammer,1,0.0456419914754,-0.064362508951,-5.70834129599e-05,0.0,0.0,-0.995521679521,-0.332501794618,-0.0389326553536,7.413390861,0.0,0.0,0.0
6.1,floor,hammer,3,0.0834278719172,-0.0459951022626,-6.94394939743e-05,0.0,0.0,-0.996069679658,0.35045566482,-0.61936231248,8.085218447,0.0,0.0,0.0
6.11,floor,hammer,3,0.0834623876029,-0.0459782883583,-3.91095302357e-05,0.0,0.0,-0.996069679658,0.242560632275,-0.555571615514,7.93681914127,0.0,0.0,0.0
6.12,floor,hammer,4,0.104954956584,-0.0365787576969,-3.34919860978e-05,0.0,0.0,-0.998087897897,0.363610420284,-1.29665081186,7.01236590434,-8.78644766983e-21,-2.46392004757e-21,0.0
6.13,floor,hammer,2,0.105468287167,-0.0377805785494,-5.42721360953e-05,0.0,0.0,-0.99776083976,0.109858323319,-1.21660752031,7.01192694639,0.0,0.0,0.0
6.14,floor,hammer,3,0.10561938404,-0.0377147214948,-3.50333600298e-05,0.0,0.0,-0.997450530529,-0.112801031617,-1.131083285,7.00686907006,-2.36029196624e-06,-4.61342118166e-06,2.59756556063e-05
6.15,floor,hammer,3,0.105619304499,-0.0377107710885,-3.14804692358e-05,0.0,0.0,-0.997450530529,-0.313514084211,-1.0227176628,7.02042574779,-4.47185393798e-06,-7.67186411564e-06,5.89591601157e-05
6.16,floor,hammer,3,0.105620241616,-0.0377079519684,-2.85422029012e-05,0.0,0.0,-0.997450530529,-0.489303506212,-0.904128944216,7.03572408344,-5.87749884015e-06,-9.35512595284e-06,9.94611051609e-05
6.17,floor,hammer,4,0.105861218857,-0.0383142077812,-2.05946073624e-05,0.0,0.0,-0.997211433947,0.344890977534,-1.01631157822,11.2856128432,0.0,0.0,0.0
6.18,floor,hammer,1,0.106581834499,-0.040139329762,-1.25479515248e-05,0.0,0.0,-0.995857447386,-0.79336875508,-0.647160660807,7.11068657309,0.0,0.0,0.0
6.19,floor,hammer,2,0.106736054779,-0.0400771041343,-9.64858297684e-06,0.0,0.0,-0.997928723693,-0.907355285824,-0.513820793172,7.10422935665,-5.72112564473e-06,-6.36705536071e-06,0.000317803727848
6.2,floor,hammer,2,0.106738562096,-0.0400788957593,-1.25649055088e-05,0.0,0.0,-0.997928723693,-1.00651681639,-0.365212748401,7.10548567909,-3.85420978278e-06,-2.2374178971e-06,0.000378887662142
6.21,floor,hammer,2,0.106741214667,-0.0400814602612,-1.54515143324e-05,0.0,0.0,-0.997928723693,-1.08961279942,-0.208273829266,7.10008340803,-1.80352384488e-06,1.2393994863e-06,0.00041965723723
6.22,floor,hammer,2,0.106743546612,-0.0400847900837,-1.8302171748e-05,0.0,0.0,-0.995857447386,-1.16069394331,-0.0414961388447,7.08835519225,7.88757621531e-07,5.36529581511e-07,0.000472291319556
6.23,floor,hammer,2,0.10778240921,-0.0424796964894,-1.03064983984e-05,0.0,0.0,-0.997928723693,-1.22506598759,0.123752932752,7.09813329324,-1.1267635248e-06,2.11248553892e-06,0.000431521171367
6.24,floor,hammer,2,0.107783903913,-0.0424846964479,-1.33604649346e-05,0.0,0.0,-0.997928723693,-1.27328293446,0.312741892135,7.07286994766,-2.62843645095e-06,1.08887095137e-06,0.000340953009668
6.25,floor,hammer,2,0.107784948288,-0.0424904849318,-1.63162478606e-05,0.0,0.0,-0.997928723693,-1.31157352413,0.517327601972,7.04540776227,-4.16177503543e-06,-1.73684064193e-07,0.000255638557924
6.26,floor,hammer,2,0.107785480431,-0.042497191837,-1.9176084417e-05,0.0,0.0,-0.997928723693,-1.3394042407,0.74011720856,7.01655873609,-4.9751503013e-06,-1.27698229568e-06,0.000176968249327
6.27,floor,hammer,20,0.187525491425,-0.299294537587,-0.000334889798629,0.0,0.0,-1.0,0.0,0.0,0.0,0.0,0.0,0.0
6.28,floor,hammer,20,0.187400635107,-0.299246643836,-0.000282365303631,0.0,0.0,-1.0,0.192533742673,-0.512358010327,7.16494697535,-4.00875355242e-05,5.25238218724e-05,0.000418511056115
6.29,floor,hammer,20,0.186838655204,-0.299425777685,-0.000236098087406,0.0,0.0,-1.0,0.138409355982,-0.393600181545,7.17425906589,-4.21015762793e-05,5.14731069616e-05,0.000466501258419
6.3,floor,hammer,20,0.186262653636,-0.299731271239,-0.000168850489366,0.0,0.0,-1.0,0.11837330112,-0.24410989714,7.63638777253,0.000136407961406,-0.000154686835205,0.00359548341593
6.31,floor,hammer,20,0.186235329732,-0.299945917319,-0.000125146352491,0.0,0.0,-1.0,0.0472030513129,-0.17662024671,7.21307564625,0.000143521940687,-0.000145831091931,0.0037917768812
6.32,floor,hammer,18,0.185756624372,-0.300244940165,-0.000120123523633,0.0,0.0,-0.998884662986,0.00558139359355,-0.0864749732984,7.23390874863,0.000134850091374,-0.000109622948559,0.00353871206876
6.33,floor,hammer,14,0.185334071123,-0.300656499092,-0.000101013430827,0.0,0.0,-0.997974202037,-0.0235879343268,0.00741112688766,7.25421556008,0.0,0.0,0.0
6.34,floor,hammer,12,0.185053703164,-0.300985520534,-9.36289949993e-05,0.0,0.0,-0.998273936411,-0.0608185022036,0.0905851261877,7.27854968113,0.0,0.0,0.0
6.35,floor,hammer,11,0.184706915729,-0.301185878309,-7.35774836173e-05,0.0,0.0,-0.998870212923,-0.0950313762185,0.166793704872,7.30353892006,0.0,0.0,0.0
6.36,floor,hammer,11,0.184635373449,-0.301387524215,-6.48016144095e-05,0.0,0.0,-0.998117021539,-0.126306299361,0.236259903519,7.32917736018,5.08992274893e-09,2.72111045013e-09,-6.40321927075e-09
6.37,floor,hammer,9,0.184213909196,-0.301828043382,-5.23487884388e-05,0.0,0.0,-0.997238298257,0.0454068206226,0.505624527997,7.99402331631,-2.67238629731e-05,2.8047497064e-05,0.000650437866944
6.38,floor,hammer,7,0.184166862978,-0.301972418598,-4.07519570389e-05,0.0,0.0,-0.997632827078,-0.181087459432,0.355698457603,7.36803705958,-2.14658435932e-05,1.7835229316e-05,0.000554026410026
6.39,floor,hammer,7,0.184159608307,-0.302105553704,-2.91198936928e-05,0.0,0.0,-0.997632827078,-0.203958405406,0.406212424077,7.39075586488,-1.93433947265e-05,1.56916271793e-05,0.000626112013678
6.4,floor,hammer,5,0.183992121693,-0.302289130003,-2.28606639277e-05,0.0,0.0,-0.996813297272,-0.224134638127,0.450668968327,7.41189148647,-1.73697333406e-05,1.29906440907e-05,0.000708491050875
6.41,floor,hammer,3,0.183483944406,-0.302468860435,-2.705775526e-05,0.0,0.0,-0.997450530529,-0.241670369742,0.489265629652,7.43101066538,-9.65184653135e-06,1.19410231103e-05,0.000777021016578
6.42,floor,hammer,2,0.183022354129,-0.302819061984,-4.29595115551e-05,0.0,0.0,-0.997928723693,-0.256629299384,0.522143910422,7.4479496182,-5.00178019283e-06,9.32664655693e-06,0.000856235253416
6.43,floor,hammer,4,0.182259765953,-0.303184348304,-1.84736878072e-05,0.0,0.0,-1.0,-0.250950862891,0.555840017823,7.46059289274,-4.25718881235e-06,3.25014421745e-06,0.00101750521632
6.44,floor,hammer,4,0.182263601838,-0.303186551112,-9.91444384111e-06,0.0,0.0,-0.997052259743,-0.260788935377,0.578221662648,7.47436573472,3.69130188886e-06,2.46082040262e-06,0.00110202658254
6.45,floor,hammer,2,0.181497696126,-0.30354381577,-1.531280562e-05,0.0,0.0,-0.997928723693,-0.264975205908,0.55475760347,7.48130802932,-2.37430756353e-06,-4.66661392401e-06,0.00119004495323
6.46,floor,hammer,2,0.181499552877,-0.303544387494,-2.01600157077e-05,0.0,0.0,-0.997928723693,-0.273285547508,0.606942663853,7.49169049988,-5.97836649002e-07,-6.7599282003e-06,0.00120953044323
6.47,floor,hammer,2,0.181501263077,-0.303545050498,-2.48695653814e-05,0.0,0.0,-0.997928723693,-0.27598919428,0.613302751841,7.49624705116,8.97561391433e-08,-8.16891607587e-06,0.00124102543392
